# Tiny Monte Carlo by Scott Prahl (http://omlc.ogi.edu)
# 1 W Point Source Heating in Infinite Isotropic Scattering Medium
# CPU version, adapted for PEAGPGPU by Gustavo Castellano and Nicolas Wolovick
# Scattering =   20.000/cm
# Absorption =    2.000/cm
# Photons    =    32768
#
# 0.151268 seconds
# 216.622380 K photons per second
# Radius	Heat
# [microns]	[W/cm^3]	Error
     0	 20223.54639	   305.35247
    50	  3192.76151	    44.77248
   100	  1375.02709	    17.30686
   150	   746.39435	     8.92636
   200	   486.09250	     5.45017
   250	   341.00091	     3.66759
   300	   256.51511	     2.62545
   350	   201.53833	     1.97476
   400	   158.40554	     1.51075
   450	   134.16886	     1.21464
   500	   110.18890	     0.97536
   550	    94.21815	     0.80494
   600	    79.40313	     0.66768
   650	    69.49371	     0.56608
   700	    60.88810	     0.48708
   750	    53.35165	     0.41771
   800	    47.44445	     0.36424
   850	    41.15237	     0.31645
   900	    36.87964	     0.27915
   950	    33.23871	     0.24819
  1000	    29.31679	     0.21868
  1050	    26.85942	     0.19706
  1100	    23.49891	     0.17416
  1150	    21.24310	     0.15632
  1200	    19.88543	     0.14296
  1250	    17.64974	     0.12835
  1300	    15.78076	     0.11572
  1350	    14.46785	     0.10587
  1400	    13.67067	     0.09802
  1450	    12.30289	     0.08951
  1500	    10.95635	     0.08136
  1550	    10.01479	     0.07440
  1600	     9.25147	     0.06864
  1650	     8.50014	     0.06336
  1700	     7.86872	     0.05865
  1750	     7.08440	     0.05403
  1800	     6.70135	     0.05047
  1850	     6.06521	     0.04658
  1900	     5.57063	     0.04334
  1950	     5.24307	     0.04057
  2000	     4.79481	     0.03767
  2050	     4.36684	     0.03450
  2100	     4.05229	     0.03245
  2150	     3.75168	     0.03030
  2200	     3.43855	     0.02808
  2250	     3.17203	     0.02635
  2300	     2.93207	     0.02474
  2350	     2.73996	     0.02323
  2400	     2.57530	     0.02187
  2450	     2.34408	     0.02023
  2500	     2.13995	     0.01885
  2550	     2.03619	     0.01797
  2600	     1.83416	     0.01656
  2650	     1.71361	     0.01574
  2700	     1.60426	     0.01476
  2750	     1.48857	     0.01398
  2800	     1.41593	     0.01322
  2850	     1.28057	     0.01234
  2900	     1.20743	     0.01165
  2950	     1.11263	     0.01091
  3000	     1.06013	     0.01039
  3050	     0.96609	     0.00976
  3100	     0.89233	     0.00913
  3150	     0.85245	     0.00886
  3200	     0.78721	     0.00824
  3250	     0.73469	     0.00784
  3300	     0.69203	     0.00737
  3350	     0.63196	     0.00699
  3400	     0.56913	     0.00636
  3450	     0.54646	     0.00615
  3500	     0.49796	     0.00580
  3550	     0.46762	     0.00546
  3600	     0.43439	     0.00522
  3650	     0.40592	     0.00480
  3700	     0.38594	     0.00474
  3750	     0.34983	     0.00430
  3800	     0.32846	     0.00409
  3850	     0.31275	     0.00400
  3900	     0.29734	     0.00381
  3950	     0.27774	     0.00357
  4000	     0.25612	     0.00339
  4050	     0.23902	     0.00322
  4100	     0.22518	     0.00314
  4150	     0.20719	     0.00291
  4200	     0.18756	     0.00271
  4250	     0.18120	     0.00261
  4300	     0.17181	     0.00251
  4350	     0.16053	     0.00239
  4400	     0.14783	     0.00222
  4450	     0.13847	     0.00209
  4500	     0.13416	     0.00206
  4550	     0.12256	     0.00189
  4600	     0.11971	     0.00191
  4650	     0.11165	     0.00180
  4700	     0.10392	     0.00169
  4750	     0.09639	     0.00160
  4800	     0.08908	     0.00148
  4850	     0.08335	     0.00141
  4900	     0.07723	     0.00132
  4950	     0.07622	     0.00130
# extra	     0.02338
# Tiny Monte Carlo by Scott Prahl (http://omlc.ogi.edu)
# 1 W Point Source Heating in Infinite Isotropic Scattering Medium
# CPU version, adapted for PEAGPGPU by Gustavo Castellano and Nicolas Wolovick
# Scattering =   20.000/cm
# Absorption =    2.000/cm
# Photons    =    32768
#
# 0.150999 seconds
# 217.008305 K photons per second
# Radius	Heat
# [microns]	[W/cm^3]	Error
     0	 20223.54639	   305.35247
    50	  3192.76151	    44.77248
   100	  1375.02709	    17.30686
   150	   746.39435	     8.92636
   200	   486.09250	     5.45017
   250	   341.00091	     3.66759
   300	   256.51511	     2.62545
   350	   201.53833	     1.97476
   400	   158.40554	     1.51075
   450	   134.16886	     1.21464
   500	   110.18890	     0.97536
   550	    94.21815	     0.80494
   600	    79.40313	     0.66768
   650	    69.49371	     0.56608
   700	    60.88810	     0.48708
   750	    53.35165	     0.41771
   800	    47.44445	     0.36424
   850	    41.15237	     0.31645
   900	    36.87964	     0.27915
   950	    33.23871	     0.24819
  1000	    29.31679	     0.21868
  1050	    26.85942	     0.19706
  1100	    23.49891	     0.17416
  1150	    21.24310	     0.15632
  1200	    19.88543	     0.14296
  1250	    17.64974	     0.12835
  1300	    15.78076	     0.11572
  1350	    14.46785	     0.10587
  1400	    13.67067	     0.09802
  1450	    12.30289	     0.08951
  1500	    10.95635	     0.08136
  1550	    10.01479	     0.07440
  1600	     9.25147	     0.06864
  1650	     8.50014	     0.06336
  1700	     7.86872	     0.05865
  1750	     7.08440	     0.05403
  1800	     6.70135	     0.05047
  1850	     6.06521	     0.04658
  1900	     5.57063	     0.04334
  1950	     5.24307	     0.04057
  2000	     4.79481	     0.03767
  2050	     4.36684	     0.03450
  2100	     4.05229	     0.03245
  2150	     3.75168	     0.03030
  2200	     3.43855	     0.02808
  2250	     3.17203	     0.02635
  2300	     2.93207	     0.02474
  2350	     2.73996	     0.02323
  2400	     2.57530	     0.02187
  2450	     2.34408	     0.02023
  2500	     2.13995	     0.01885
  2550	     2.03619	     0.01797
  2600	     1.83416	     0.01656
  2650	     1.71361	     0.01574
  2700	     1.60426	     0.01476
  2750	     1.48857	     0.01398
  2800	     1.41593	     0.01322
  2850	     1.28057	     0.01234
  2900	     1.20743	     0.01165
  2950	     1.11263	     0.01091
  3000	     1.06013	     0.01039
  3050	     0.96609	     0.00976
  3100	     0.89233	     0.00913
  3150	     0.85245	     0.00886
  3200	     0.78721	     0.00824
  3250	     0.73469	     0.00784
  3300	     0.69203	     0.00737
  3350	     0.63196	     0.00699
  3400	     0.56913	     0.00636
  3450	     0.54646	     0.00615
  3500	     0.49796	     0.00580
  3550	     0.46762	     0.00546
  3600	     0.43439	     0.00522
  3650	     0.40592	     0.00480
  3700	     0.38594	     0.00474
  3750	     0.34983	     0.00430
  3800	     0.32846	     0.00409
  3850	     0.31275	     0.00400
  3900	     0.29734	     0.00381
  3950	     0.27774	     0.00357
  4000	     0.25612	     0.00339
  4050	     0.23902	     0.00322
  4100	     0.22518	     0.00314
  4150	     0.20719	     0.00291
  4200	     0.18756	     0.00271
  4250	     0.18120	     0.00261
  4300	     0.17181	     0.00251
  4350	     0.16053	     0.00239
  4400	     0.14783	     0.00222
  4450	     0.13847	     0.00209
  4500	     0.13416	     0.00206
  4550	     0.12256	     0.00189
  4600	     0.11971	     0.00191
  4650	     0.11165	     0.00180
  4700	     0.10392	     0.00169
  4750	     0.09639	     0.00160
  4800	     0.08908	     0.00148
  4850	     0.08335	     0.00141
  4900	     0.07723	     0.00132
  4950	     0.07622	     0.00130
# extra	     0.02338
# Tiny Monte Carlo by Scott Prahl (http://omlc.ogi.edu)
# 1 W Point Source Heating in Infinite Isotropic Scattering Medium
# CPU version, adapted for PEAGPGPU by Gustavo Castellano and Nicolas Wolovick
# Scattering =   20.000/cm
# Absorption =    2.000/cm
# Photons    =    32768
#
# 0.149194 seconds
# 219.634189 K photons per second
# Radius	Heat
# [microns]	[W/cm^3]	Error
     0	 20223.54639	   305.35247
    50	  3192.76151	    44.77248
   100	  1375.02709	    17.30686
   150	   746.39435	     8.92636
   200	   486.09250	     5.45017
   250	   341.00091	     3.66759
   300	   256.51511	     2.62545
   350	   201.53833	     1.97476
   400	   158.40554	     1.51075
   450	   134.16886	     1.21464
   500	   110.18890	     0.97536
   550	    94.21815	     0.80494
   600	    79.40313	     0.66768
   650	    69.49371	     0.56608
   700	    60.88810	     0.48708
   750	    53.35165	     0.41771
   800	    47.44445	     0.36424
   850	    41.15237	     0.31645
   900	    36.87964	     0.27915
   950	    33.23871	     0.24819
  1000	    29.31679	     0.21868
  1050	    26.85942	     0.19706
  1100	    23.49891	     0.17416
  1150	    21.24310	     0.15632
  1200	    19.88543	     0.14296
  1250	    17.64974	     0.12835
  1300	    15.78076	     0.11572
  1350	    14.46785	     0.10587
  1400	    13.67067	     0.09802
  1450	    12.30289	     0.08951
  1500	    10.95635	     0.08136
  1550	    10.01479	     0.07440
  1600	     9.25147	     0.06864
  1650	     8.50014	     0.06336
  1700	     7.86872	     0.05865
  1750	     7.08440	     0.05403
  1800	     6.70135	     0.05047
  1850	     6.06521	     0.04658
  1900	     5.57063	     0.04334
  1950	     5.24307	     0.04057
  2000	     4.79481	     0.03767
  2050	     4.36684	     0.03450
  2100	     4.05229	     0.03245
  2150	     3.75168	     0.03030
  2200	     3.43855	     0.02808
  2250	     3.17203	     0.02635
  2300	     2.93207	     0.02474
  2350	     2.73996	     0.02323
  2400	     2.57530	     0.02187
  2450	     2.34408	     0.02023
  2500	     2.13995	     0.01885
  2550	     2.03619	     0.01797
  2600	     1.83416	     0.01656
  2650	     1.71361	     0.01574
  2700	     1.60426	     0.01476
  2750	     1.48857	     0.01398
  2800	     1.41593	     0.01322
  2850	     1.28057	     0.01234
  2900	     1.20743	     0.01165
  2950	     1.11263	     0.01091
  3000	     1.06013	     0.01039
  3050	     0.96609	     0.00976
  3100	     0.89233	     0.00913
  3150	     0.85245	     0.00886
  3200	     0.78721	     0.00824
  3250	     0.73469	     0.00784
  3300	     0.69203	     0.00737
  3350	     0.63196	     0.00699
  3400	     0.56913	     0.00636
  3450	     0.54646	     0.00615
  3500	     0.49796	     0.00580
  3550	     0.46762	     0.00546
  3600	     0.43439	     0.00522
  3650	     0.40592	     0.00480
  3700	     0.38594	     0.00474
  3750	     0.34983	     0.00430
  3800	     0.32846	     0.00409
  3850	     0.31275	     0.00400
  3900	     0.29734	     0.00381
  3950	     0.27774	     0.00357
  4000	     0.25612	     0.00339
  4050	     0.23902	     0.00322
  4100	     0.22518	     0.00314
  4150	     0.20719	     0.00291
  4200	     0.18756	     0.00271
  4250	     0.18120	     0.00261
  4300	     0.17181	     0.00251
  4350	     0.16053	     0.00239
  4400	     0.14783	     0.00222
  4450	     0.13847	     0.00209
  4500	     0.13416	     0.00206
  4550	     0.12256	     0.00189
  4600	     0.11971	     0.00191
  4650	     0.11165	     0.00180
  4700	     0.10392	     0.00169
  4750	     0.09639	     0.00160
  4800	     0.08908	     0.00148
  4850	     0.08335	     0.00141
  4900	     0.07723	     0.00132
  4950	     0.07622	     0.00130
# extra	     0.02338
# Tiny Monte Carlo by Scott Prahl (http://omlc.ogi.edu)
# 1 W Point Source Heating in Infinite Isotropic Scattering Medium
# CPU version, adapted for PEAGPGPU by Gustavo Castellano and Nicolas Wolovick
# Scattering =   20.000/cm
# Absorption =    2.000/cm
# Photons    =    32768
#
# 0.150409 seconds
# 217.859524 K photons per second
# Radius	Heat
# [microns]	[W/cm^3]	Error
     0	 20223.54639	   305.35247
    50	  3192.76151	    44.77248
   100	  1375.02709	    17.30686
   150	   746.39435	     8.92636
   200	   486.09250	     5.45017
   250	   341.00091	     3.66759
   300	   256.51511	     2.62545
   350	   201.53833	     1.97476
   400	   158.40554	     1.51075
   450	   134.16886	     1.21464
   500	   110.18890	     0.97536
   550	    94.21815	     0.80494
   600	    79.40313	     0.66768
   650	    69.49371	     0.56608
   700	    60.88810	     0.48708
   750	    53.35165	     0.41771
   800	    47.44445	     0.36424
   850	    41.15237	     0.31645
   900	    36.87964	     0.27915
   950	    33.23871	     0.24819
  1000	    29.31679	     0.21868
  1050	    26.85942	     0.19706
  1100	    23.49891	     0.17416
  1150	    21.24310	     0.15632
  1200	    19.88543	     0.14296
  1250	    17.64974	     0.12835
  1300	    15.78076	     0.11572
  1350	    14.46785	     0.10587
  1400	    13.67067	     0.09802
  1450	    12.30289	     0.08951
  1500	    10.95635	     0.08136
  1550	    10.01479	     0.07440
  1600	     9.25147	     0.06864
  1650	     8.50014	     0.06336
  1700	     7.86872	     0.05865
  1750	     7.08440	     0.05403
  1800	     6.70135	     0.05047
  1850	     6.06521	     0.04658
  1900	     5.57063	     0.04334
  1950	     5.24307	     0.04057
  2000	     4.79481	     0.03767
  2050	     4.36684	     0.03450
  2100	     4.05229	     0.03245
  2150	     3.75168	     0.03030
  2200	     3.43855	     0.02808
  2250	     3.17203	     0.02635
  2300	     2.93207	     0.02474
  2350	     2.73996	     0.02323
  2400	     2.57530	     0.02187
  2450	     2.34408	     0.02023
  2500	     2.13995	     0.01885
  2550	     2.03619	     0.01797
  2600	     1.83416	     0.01656
  2650	     1.71361	     0.01574
  2700	     1.60426	     0.01476
  2750	     1.48857	     0.01398
  2800	     1.41593	     0.01322
  2850	     1.28057	     0.01234
  2900	     1.20743	     0.01165
  2950	     1.11263	     0.01091
  3000	     1.06013	     0.01039
  3050	     0.96609	     0.00976
  3100	     0.89233	     0.00913
  3150	     0.85245	     0.00886
  3200	     0.78721	     0.00824
  3250	     0.73469	     0.00784
  3300	     0.69203	     0.00737
  3350	     0.63196	     0.00699
  3400	     0.56913	     0.00636
  3450	     0.54646	     0.00615
  3500	     0.49796	     0.00580
  3550	     0.46762	     0.00546
  3600	     0.43439	     0.00522
  3650	     0.40592	     0.00480
  3700	     0.38594	     0.00474
  3750	     0.34983	     0.00430
  3800	     0.32846	     0.00409
  3850	     0.31275	     0.00400
  3900	     0.29734	     0.00381
  3950	     0.27774	     0.00357
  4000	     0.25612	     0.00339
  4050	     0.23902	     0.00322
  4100	     0.22518	     0.00314
  4150	     0.20719	     0.00291
  4200	     0.18756	     0.00271
  4250	     0.18120	     0.00261
  4300	     0.17181	     0.00251
  4350	     0.16053	     0.00239
  4400	     0.14783	     0.00222
  4450	     0.13847	     0.00209
  4500	     0.13416	     0.00206
  4550	     0.12256	     0.00189
  4600	     0.11971	     0.00191
  4650	     0.11165	     0.00180
  4700	     0.10392	     0.00169
  4750	     0.09639	     0.00160
  4800	     0.08908	     0.00148
  4850	     0.08335	     0.00141
  4900	     0.07723	     0.00132
  4950	     0.07622	     0.00130
# extra	     0.02338
# Tiny Monte Carlo by Scott Prahl (http://omlc.ogi.edu)
# 1 W Point Source Heating in Infinite Isotropic Scattering Medium
# CPU version, adapted for PEAGPGPU by Gustavo Castellano and Nicolas Wolovick
# Scattering =   20.000/cm
# Absorption =    2.000/cm
# Photons    =    32768
#
# 0.149732 seconds
# 218.844078 K photons per second
# Radius	Heat
# [microns]	[W/cm^3]	Error
     0	 20223.54639	   305.35247
    50	  3192.76151	    44.77248
   100	  1375.02709	    17.30686
   150	   746.39435	     8.92636
   200	   486.09250	     5.45017
   250	   341.00091	     3.66759
   300	   256.51511	     2.62545
   350	   201.53833	     1.97476
   400	   158.40554	     1.51075
   450	   134.16886	     1.21464
   500	   110.18890	     0.97536
   550	    94.21815	     0.80494
   600	    79.40313	     0.66768
   650	    69.49371	     0.56608
   700	    60.88810	     0.48708
   750	    53.35165	     0.41771
   800	    47.44445	     0.36424
   850	    41.15237	     0.31645
   900	    36.87964	     0.27915
   950	    33.23871	     0.24819
  1000	    29.31679	     0.21868
  1050	    26.85942	     0.19706
  1100	    23.49891	     0.17416
  1150	    21.24310	     0.15632
  1200	    19.88543	     0.14296
  1250	    17.64974	     0.12835
  1300	    15.78076	     0.11572
  1350	    14.46785	     0.10587
  1400	    13.67067	     0.09802
  1450	    12.30289	     0.08951
  1500	    10.95635	     0.08136
  1550	    10.01479	     0.07440
  1600	     9.25147	     0.06864
  1650	     8.50014	     0.06336
  1700	     7.86872	     0.05865
  1750	     7.08440	     0.05403
  1800	     6.70135	     0.05047
  1850	     6.06521	     0.04658
  1900	     5.57063	     0.04334
  1950	     5.24307	     0.04057
  2000	     4.79481	     0.03767
  2050	     4.36684	     0.03450
  2100	     4.05229	     0.03245
  2150	     3.75168	     0.03030
  2200	     3.43855	     0.02808
  2250	     3.17203	     0.02635
  2300	     2.93207	     0.02474
  2350	     2.73996	     0.02323
  2400	     2.57530	     0.02187
  2450	     2.34408	     0.02023
  2500	     2.13995	     0.01885
  2550	     2.03619	     0.01797
  2600	     1.83416	     0.01656
  2650	     1.71361	     0.01574
  2700	     1.60426	     0.01476
  2750	     1.48857	     0.01398
  2800	     1.41593	     0.01322
  2850	     1.28057	     0.01234
  2900	     1.20743	     0.01165
  2950	     1.11263	     0.01091
  3000	     1.06013	     0.01039
  3050	     0.96609	     0.00976
  3100	     0.89233	     0.00913
  3150	     0.85245	     0.00886
  3200	     0.78721	     0.00824
  3250	     0.73469	     0.00784
  3300	     0.69203	     0.00737
  3350	     0.63196	     0.00699
  3400	     0.56913	     0.00636
  3450	     0.54646	     0.00615
  3500	     0.49796	     0.00580
  3550	     0.46762	     0.00546
  3600	     0.43439	     0.00522
  3650	     0.40592	     0.00480
  3700	     0.38594	     0.00474
  3750	     0.34983	     0.00430
  3800	     0.32846	     0.00409
  3850	     0.31275	     0.00400
  3900	     0.29734	     0.00381
  3950	     0.27774	     0.00357
  4000	     0.25612	     0.00339
  4050	     0.23902	     0.00322
  4100	     0.22518	     0.00314
  4150	     0.20719	     0.00291
  4200	     0.18756	     0.00271
  4250	     0.18120	     0.00261
  4300	     0.17181	     0.00251
  4350	     0.16053	     0.00239
  4400	     0.14783	     0.00222
  4450	     0.13847	     0.00209
  4500	     0.13416	     0.00206
  4550	     0.12256	     0.00189
  4600	     0.11971	     0.00191
  4650	     0.11165	     0.00180
  4700	     0.10392	     0.00169
  4750	     0.09639	     0.00160
  4800	     0.08908	     0.00148
  4850	     0.08335	     0.00141
  4900	     0.07723	     0.00132
  4950	     0.07622	     0.00130
# extra	     0.02338
# Tiny Monte Carlo by Scott Prahl (http://omlc.ogi.edu)
# 1 W Point Source Heating in Infinite Isotropic Scattering Medium
# CPU version, adapted for PEAGPGPU by Gustavo Castellano and Nicolas Wolovick
# Scattering =   20.000/cm
# Absorption =    2.000/cm
# Photons    =    32768
#
# 0.150611 seconds
# 217.566914 K photons per second
# Radius	Heat
# [microns]	[W/cm^3]	Error
     0	 20223.54639	   305.35247
    50	  3192.76151	    44.77248
   100	  1375.02709	    17.30686
   150	   746.39435	     8.92636
   200	   486.09250	     5.45017
   250	   341.00091	     3.66759
   300	   256.51511	     2.62545
   350	   201.53833	     1.97476
   400	   158.40554	     1.51075
   450	   134.16886	     1.21464
   500	   110.18890	     0.97536
   550	    94.21815	     0.80494
   600	    79.40313	     0.66768
   650	    69.49371	     0.56608
   700	    60.88810	     0.48708
   750	    53.35165	     0.41771
   800	    47.44445	     0.36424
   850	    41.15237	     0.31645
   900	    36.87964	     0.27915
   950	    33.23871	     0.24819
  1000	    29.31679	     0.21868
  1050	    26.85942	     0.19706
  1100	    23.49891	     0.17416
  1150	    21.24310	     0.15632
  1200	    19.88543	     0.14296
  1250	    17.64974	     0.12835
  1300	    15.78076	     0.11572
  1350	    14.46785	     0.10587
  1400	    13.67067	     0.09802
  1450	    12.30289	     0.08951
  1500	    10.95635	     0.08136
  1550	    10.01479	     0.07440
  1600	     9.25147	     0.06864
  1650	     8.50014	     0.06336
  1700	     7.86872	     0.05865
  1750	     7.08440	     0.05403
  1800	     6.70135	     0.05047
  1850	     6.06521	     0.04658
  1900	     5.57063	     0.04334
  1950	     5.24307	     0.04057
  2000	     4.79481	     0.03767
  2050	     4.36684	     0.03450
  2100	     4.05229	     0.03245
  2150	     3.75168	     0.03030
  2200	     3.43855	     0.02808
  2250	     3.17203	     0.02635
  2300	     2.93207	     0.02474
  2350	     2.73996	     0.02323
  2400	     2.57530	     0.02187
  2450	     2.34408	     0.02023
  2500	     2.13995	     0.01885
  2550	     2.03619	     0.01797
  2600	     1.83416	     0.01656
  2650	     1.71361	     0.01574
  2700	     1.60426	     0.01476
  2750	     1.48857	     0.01398
  2800	     1.41593	     0.01322
  2850	     1.28057	     0.01234
  2900	     1.20743	     0.01165
  2950	     1.11263	     0.01091
  3000	     1.06013	     0.01039
  3050	     0.96609	     0.00976
  3100	     0.89233	     0.00913
  3150	     0.85245	     0.00886
  3200	     0.78721	     0.00824
  3250	     0.73469	     0.00784
  3300	     0.69203	     0.00737
  3350	     0.63196	     0.00699
  3400	     0.56913	     0.00636
  3450	     0.54646	     0.00615
  3500	     0.49796	     0.00580
  3550	     0.46762	     0.00546
  3600	     0.43439	     0.00522
  3650	     0.40592	     0.00480
  3700	     0.38594	     0.00474
  3750	     0.34983	     0.00430
  3800	     0.32846	     0.00409
  3850	     0.31275	     0.00400
  3900	     0.29734	     0.00381
  3950	     0.27774	     0.00357
  4000	     0.25612	     0.00339
  4050	     0.23902	     0.00322
  4100	     0.22518	     0.00314
  4150	     0.20719	     0.00291
  4200	     0.18756	     0.00271
  4250	     0.18120	     0.00261
  4300	     0.17181	     0.00251
  4350	     0.16053	     0.00239
  4400	     0.14783	     0.00222
  4450	     0.13847	     0.00209
  4500	     0.13416	     0.00206
  4550	     0.12256	     0.00189
  4600	     0.11971	     0.00191
  4650	     0.11165	     0.00180
  4700	     0.10392	     0.00169
  4750	     0.09639	     0.00160
  4800	     0.08908	     0.00148
  4850	     0.08335	     0.00141
  4900	     0.07723	     0.00132
  4950	     0.07622	     0.00130
# extra	     0.02338
# Tiny Monte Carlo by Scott Prahl (http://omlc.ogi.edu)
# 1 W Point Source Heating in Infinite Isotropic Scattering Medium
# CPU version, adapted for PEAGPGPU by Gustavo Castellano and Nicolas Wolovick
# Scattering =   20.000/cm
# Absorption =    2.000/cm
# Photons    =    32768
#
# 0.150220 seconds
# 218.133949 K photons per second
# Radius	Heat
# [microns]	[W/cm^3]	Error
     0	 20632.64502	   308.10078
    50	  3279.80608	    45.28808
   100	  1340.69285	    17.14052
   150	   754.68077	     8.95916
   200	   485.08853	     5.44800
   250	   339.48234	     3.65378
   300	   256.67371	     2.62283
   350	   200.60614	     1.96476
   400	   158.57088	     1.50899
   450	   132.18229	     1.20577
   500	   111.19916	     0.98002
   550	    93.78137	     0.80542
   600	    81.95520	     0.67696
   650	    70.60141	     0.57121
   700	    60.33891	     0.48451
   750	    52.69999	     0.41505
   800	    46.60056	     0.36231
   850	    41.18223	     0.31723
   900	    36.84758	     0.27868
   950	    33.25878	     0.24701
  1000	    29.36020	     0.21852
  1050	    26.77255	     0.19671
  1100	    24.12718	     0.17547
  1150	    21.71196	     0.15757
  1200	    19.52632	     0.14248
  1250	    17.85475	     0.12918
  1300	    15.98255	     0.11634
  1350	    14.61637	     0.10664
  1400	    13.20448	     0.09662
  1450	    12.11837	     0.08903
  1500	    11.16685	     0.08165
  1550	    10.02263	     0.07451
  1600	     9.25300	     0.06813
  1650	     8.48155	     0.06292
  1700	     7.87121	     0.05843
  1750	     7.14773	     0.05382
  1800	     6.56693	     0.05000
  1850	     6.02922	     0.04664
  1900	     5.60028	     0.04322
  1950	     5.13660	     0.04006
  2000	     4.76632	     0.03764
  2050	     4.32054	     0.03433
  2100	     4.04498	     0.03249
  2150	     3.65318	     0.02994
  2200	     3.44294	     0.02848
  2250	     3.17305	     0.02641
  2300	     3.00113	     0.02486
  2350	     2.74603	     0.02326
  2400	     2.52654	     0.02163
  2450	     2.34297	     0.02046
  2500	     2.15309	     0.01911
  2550	     2.00871	     0.01776
  2600	     1.88360	     0.01696
  2650	     1.73770	     0.01589
  2700	     1.56131	     0.01451
  2750	     1.51384	     0.01398
  2800	     1.36630	     0.01292
  2850	     1.29225	     0.01259
  2900	     1.22041	     0.01170
  2950	     1.14347	     0.01109
  3000	     1.02408	     0.01024
  3050	     0.95057	     0.00967
  3100	     0.90464	     0.00921
  3150	     0.82077	     0.00863
  3200	     0.78848	     0.00824
  3250	     0.72193	     0.00783
  3300	     0.67742	     0.00734
  3350	     0.63046	     0.00699
  3400	     0.59177	     0.00659
  3450	     0.55347	     0.00623
  3500	     0.50653	     0.00582
  3550	     0.46655	     0.00540
  3600	     0.45934	     0.00531
  3650	     0.40859	     0.00488
  3700	     0.38926	     0.00470
  3750	     0.35417	     0.00429
  3800	     0.34308	     0.00434
  3850	     0.30701	     0.00393
  3900	     0.29052	     0.00367
  3950	     0.27052	     0.00348
  4000	     0.25115	     0.00335
  4050	     0.23615	     0.00325
  4100	     0.22943	     0.00318
  4150	     0.21668	     0.00304
  4200	     0.19337	     0.00273
  4250	     0.18137	     0.00252
  4300	     0.16509	     0.00240
  4350	     0.15824	     0.00236
  4400	     0.14771	     0.00222
  4450	     0.14123	     0.00214
  4500	     0.13056	     0.00200
  4550	     0.12174	     0.00187
  4600	     0.11530	     0.00182
  4650	     0.11088	     0.00179
  4700	     0.10110	     0.00166
  4750	     0.09807	     0.00158
  4800	     0.09038	     0.00154
  4850	     0.08558	     0.00145
  4900	     0.07569	     0.00130
  4950	     0.07198	     0.00128
# extra	     0.02347
# Tiny Monte Carlo by Scott Prahl (http://omlc.ogi.edu)
# 1 W Point Source Heating in Infinite Isotropic Scattering Medium
# CPU version, adapted for PEAGPGPU by Gustavo Castellano and Nicolas Wolovick
# Scattering =   20.000/cm
# Absorption =    2.000/cm
# Photons    =    32768
#
# 0.149894 seconds
# 218.607527 K photons per second
# Radius	Heat
# [microns]	[W/cm^3]	Error
     0	 20632.64502	   308.10078
    50	  3279.80608	    45.28808
   100	  1340.69285	    17.14052
   150	   754.68077	     8.95916
   200	   485.08853	     5.44800
   250	   339.48234	     3.65378
   300	   256.67371	     2.62283
   350	   200.60614	     1.96476
   400	   158.57088	     1.50899
   450	   132.18229	     1.20577
   500	   111.19916	     0.98002
   550	    93.78137	     0.80542
   600	    81.95520	     0.67696
   650	    70.60141	     0.57121
   700	    60.33891	     0.48451
   750	    52.69999	     0.41505
   800	    46.60056	     0.36231
   850	    41.18223	     0.31723
   900	    36.84758	     0.27868
   950	    33.25878	     0.24701
  1000	    29.36020	     0.21852
  1050	    26.77255	     0.19671
  1100	    24.12718	     0.17547
  1150	    21.71196	     0.15757
  1200	    19.52632	     0.14248
  1250	    17.85475	     0.12918
  1300	    15.98255	     0.11634
  1350	    14.61637	     0.10664
  1400	    13.20448	     0.09662
  1450	    12.11837	     0.08903
  1500	    11.16685	     0.08165
  1550	    10.02263	     0.07451
  1600	     9.25300	     0.06813
  1650	     8.48155	     0.06292
  1700	     7.87121	     0.05843
  1750	     7.14773	     0.05382
  1800	     6.56693	     0.05000
  1850	     6.02922	     0.04664
  1900	     5.60028	     0.04322
  1950	     5.13660	     0.04006
  2000	     4.76632	     0.03764
  2050	     4.32054	     0.03433
  2100	     4.04498	     0.03249
  2150	     3.65318	     0.02994
  2200	     3.44294	     0.02848
  2250	     3.17305	     0.02641
  2300	     3.00113	     0.02486
  2350	     2.74603	     0.02326
  2400	     2.52654	     0.02163
  2450	     2.34297	     0.02046
  2500	     2.15309	     0.01911
  2550	     2.00871	     0.01776
  2600	     1.88360	     0.01696
  2650	     1.73770	     0.01589
  2700	     1.56131	     0.01451
  2750	     1.51384	     0.01398
  2800	     1.36630	     0.01292
  2850	     1.29225	     0.01259
  2900	     1.22041	     0.01170
  2950	     1.14347	     0.01109
  3000	     1.02408	     0.01024
  3050	     0.95057	     0.00967
  3100	     0.90464	     0.00921
  3150	     0.82077	     0.00863
  3200	     0.78848	     0.00824
  3250	     0.72193	     0.00783
  3300	     0.67742	     0.00734
  3350	     0.63046	     0.00699
  3400	     0.59177	     0.00659
  3450	     0.55347	     0.00623
  3500	     0.50653	     0.00582
  3550	     0.46655	     0.00540
  3600	     0.45934	     0.00531
  3650	     0.40859	     0.00488
  3700	     0.38926	     0.00470
  3750	     0.35417	     0.00429
  3800	     0.34308	     0.00434
  3850	     0.30701	     0.00393
  3900	     0.29052	     0.00367
  3950	     0.27052	     0.00348
  4000	     0.25115	     0.00335
  4050	     0.23615	     0.00325
  4100	     0.22943	     0.00318
  4150	     0.21668	     0.00304
  4200	     0.19337	     0.00273
  4250	     0.18137	     0.00252
  4300	     0.16509	     0.00240
  4350	     0.15824	     0.00236
  4400	     0.14771	     0.00222
  4450	     0.14123	     0.00214
  4500	     0.13056	     0.00200
  4550	     0.12174	     0.00187
  4600	     0.11530	     0.00182
  4650	     0.11088	     0.00179
  4700	     0.10110	     0.00166
  4750	     0.09807	     0.00158
  4800	     0.09038	     0.00154
  4850	     0.08558	     0.00145
  4900	     0.07569	     0.00130
  4950	     0.07198	     0.00128
# extra	     0.02347
# Tiny Monte Carlo by Scott Prahl (http://omlc.ogi.edu)
# 1 W Point Source Heating in Infinite Isotropic Scattering Medium
# CPU version, adapted for PEAGPGPU by Gustavo Castellano and Nicolas Wolovick
# Scattering =   20.000/cm
# Absorption =    2.000/cm
# Photons    =    32768
#
# 0.148049 seconds
# 221.332149 K photons per second
# Radius	Heat
# [microns]	[W/cm^3]	Error
     0	 20632.64502	   308.10078
    50	  3279.80608	    45.28808
   100	  1340.69285	    17.14052
   150	   754.68077	     8.95916
   200	   485.08853	     5.44800
   250	   339.48234	     3.65378
   300	   256.67371	     2.62283
   350	   200.60614	     1.96476
   400	   158.57088	     1.50899
   450	   132.18229	     1.20577
   500	   111.19916	     0.98002
   550	    93.78137	     0.80542
   600	    81.95520	     0.67696
   650	    70.60141	     0.57121
   700	    60.33891	     0.48451
   750	    52.69999	     0.41505
   800	    46.60056	     0.36231
   850	    41.18223	     0.31723
   900	    36.84758	     0.27868
   950	    33.25878	     0.24701
  1000	    29.36020	     0.21852
  1050	    26.77255	     0.19671
  1100	    24.12718	     0.17547
  1150	    21.71196	     0.15757
  1200	    19.52632	     0.14248
  1250	    17.85475	     0.12918
  1300	    15.98255	     0.11634
  1350	    14.61637	     0.10664
  1400	    13.20448	     0.09662
  1450	    12.11837	     0.08903
  1500	    11.16685	     0.08165
  1550	    10.02263	     0.07451
  1600	     9.25300	     0.06813
  1650	     8.48155	     0.06292
  1700	     7.87121	     0.05843
  1750	     7.14773	     0.05382
  1800	     6.56693	     0.05000
  1850	     6.02922	     0.04664
  1900	     5.60028	     0.04322
  1950	     5.13660	     0.04006
  2000	     4.76632	     0.03764
  2050	     4.32054	     0.03433
  2100	     4.04498	     0.03249
  2150	     3.65318	     0.02994
  2200	     3.44294	     0.02848
  2250	     3.17305	     0.02641
  2300	     3.00113	     0.02486
  2350	     2.74603	     0.02326
  2400	     2.52654	     0.02163
  2450	     2.34297	     0.02046
  2500	     2.15309	     0.01911
  2550	     2.00871	     0.01776
  2600	     1.88360	     0.01696
  2650	     1.73770	     0.01589
  2700	     1.56131	     0.01451
  2750	     1.51384	     0.01398
  2800	     1.36630	     0.01292
  2850	     1.29225	     0.01259
  2900	     1.22041	     0.01170
  2950	     1.14347	     0.01109
  3000	     1.02408	     0.01024
  3050	     0.95057	     0.00967
  3100	     0.90464	     0.00921
  3150	     0.82077	     0.00863
  3200	     0.78848	     0.00824
  3250	     0.72193	     0.00783
  3300	     0.67742	     0.00734
  3350	     0.63046	     0.00699
  3400	     0.59177	     0.00659
  3450	     0.55347	     0.00623
  3500	     0.50653	     0.00582
  3550	     0.46655	     0.00540
  3600	     0.45934	     0.00531
  3650	     0.40859	     0.00488
  3700	     0.38926	     0.00470
  3750	     0.35417	     0.00429
  3800	     0.34308	     0.00434
  3850	     0.30701	     0.00393
  3900	     0.29052	     0.00367
  3950	     0.27052	     0.00348
  4000	     0.25115	     0.00335
  4050	     0.23615	     0.00325
  4100	     0.22943	     0.00318
  4150	     0.21668	     0.00304
  4200	     0.19337	     0.00273
  4250	     0.18137	     0.00252
  4300	     0.16509	     0.00240
  4350	     0.15824	     0.00236
  4400	     0.14771	     0.00222
  4450	     0.14123	     0.00214
  4500	     0.13056	     0.00200
  4550	     0.12174	     0.00187
  4600	     0.11530	     0.00182
  4650	     0.11088	     0.00179
  4700	     0.10110	     0.00166
  4750	     0.09807	     0.00158
  4800	     0.09038	     0.00154
  4850	     0.08558	     0.00145
  4900	     0.07569	     0.00130
  4950	     0.07198	     0.00128
# extra	     0.02347
# Tiny Monte Carlo by Scott Prahl (http://omlc.ogi.edu)
# 1 W Point Source Heating in Infinite Isotropic Scattering Medium
# CPU version, adapted for PEAGPGPU by Gustavo Castellano and Nicolas Wolovick
# Scattering =   20.000/cm
# Absorption =    2.000/cm
# Photons    =    32768
#
# 0.150364 seconds
# 217.924119 K photons per second
# Radius	Heat
# [microns]	[W/cm^3]	Error
     0	 20632.64502	   308.10078
    50	  3279.80608	    45.28808
   100	  1340.69285	    17.14052
   150	   754.68077	     8.95916
   200	   485.08853	     5.44800
   250	   339.48234	     3.65378
   300	   256.67371	     2.62283
   350	   200.60614	     1.96476
   400	   158.57088	     1.50899
   450	   132.18229	     1.20577
   500	   111.19916	     0.98002
   550	    93.78137	     0.80542
   600	    81.95520	     0.67696
   650	    70.60141	     0.57121
   700	    60.33891	     0.48451
   750	    52.69999	     0.41505
   800	    46.60056	     0.36231
   850	    41.18223	     0.31723
   900	    36.84758	     0.27868
   950	    33.25878	     0.24701
  1000	    29.36020	     0.21852
  1050	    26.77255	     0.19671
  1100	    24.12718	     0.17547
  1150	    21.71196	     0.15757
  1200	    19.52632	     0.14248
  1250	    17.85475	     0.12918
  1300	    15.98255	     0.11634
  1350	    14.61637	     0.10664
  1400	    13.20448	     0.09662
  1450	    12.11837	     0.08903
  1500	    11.16685	     0.08165
  1550	    10.02263	     0.07451
  1600	     9.25300	     0.06813
  1650	     8.48155	     0.06292
  1700	     7.87121	     0.05843
  1750	     7.14773	     0.05382
  1800	     6.56693	     0.05000
  1850	     6.02922	     0.04664
  1900	     5.60028	     0.04322
  1950	     5.13660	     0.04006
  2000	     4.76632	     0.03764
  2050	     4.32054	     0.03433
  2100	     4.04498	     0.03249
  2150	     3.65318	     0.02994
  2200	     3.44294	     0.02848
  2250	     3.17305	     0.02641
  2300	     3.00113	     0.02486
  2350	     2.74603	     0.02326
  2400	     2.52654	     0.02163
  2450	     2.34297	     0.02046
  2500	     2.15309	     0.01911
  2550	     2.00871	     0.01776
  2600	     1.88360	     0.01696
  2650	     1.73770	     0.01589
  2700	     1.56131	     0.01451
  2750	     1.51384	     0.01398
  2800	     1.36630	     0.01292
  2850	     1.29225	     0.01259
  2900	     1.22041	     0.01170
  2950	     1.14347	     0.01109
  3000	     1.02408	     0.01024
  3050	     0.95057	     0.00967
  3100	     0.90464	     0.00921
  3150	     0.82077	     0.00863
  3200	     0.78848	     0.00824
  3250	     0.72193	     0.00783
  3300	     0.67742	     0.00734
  3350	     0.63046	     0.00699
  3400	     0.59177	     0.00659
  3450	     0.55347	     0.00623
  3500	     0.50653	     0.00582
  3550	     0.46655	     0.00540
  3600	     0.45934	     0.00531
  3650	     0.40859	     0.00488
  3700	     0.38926	     0.00470
  3750	     0.35417	     0.00429
  3800	     0.34308	     0.00434
  3850	     0.30701	     0.00393
  3900	     0.29052	     0.00367
  3950	     0.27052	     0.00348
  4000	     0.25115	     0.00335
  4050	     0.23615	     0.00325
  4100	     0.22943	     0.00318
  4150	     0.21668	     0.00304
  4200	     0.19337	     0.00273
  4250	     0.18137	     0.00252
  4300	     0.16509	     0.00240
  4350	     0.15824	     0.00236
  4400	     0.14771	     0.00222
  4450	     0.14123	     0.00214
  4500	     0.13056	     0.00200
  4550	     0.12174	     0.00187
  4600	     0.11530	     0.00182
  4650	     0.11088	     0.00179
  4700	     0.10110	     0.00166
  4750	     0.09807	     0.00158
  4800	     0.09038	     0.00154
  4850	     0.08558	     0.00145
  4900	     0.07569	     0.00130
  4950	     0.07198	     0.00128
# extra	     0.02347


150,74 msec task-clock                          #    0,996 CPUs utilized               ( +-  0,20% )
2      context-switches                         #   13,268 /sec                        ( +- 31,67% )
2      cpu-migrations                           #   13,268 /sec                        ( +- 25,60% )
76      page-faults                             #  504,185 /sec                        ( +-  0,29% )
666.857.213      cycles                         #    4,424 GHz                         ( +-  0,07% )
10.889.274      stalled-cycles-frontend         #    1,63% frontend cycles idle        ( +-  0,96% )
1.071.558.760      instructions                 #    1,61  insn per cycle            
                                                #    0,01  stalled cycles per insn     ( +-  0,01% )
193.504.983      branches                       #    1,284 G/sec                       ( +-  0,01% )
1.230.302      branch-misses                    #    0,64% of all branches             ( +-  0,39% )

0,151372 +- 0,000319 seconds time elapsed  ( +-  0,21% )
