# Tiny Monte Carlo by Scott Prahl (http://omlc.ogi.edu)
# 1 W Point Source Heating in Infinite Isotropic Scattering Medium
# CPU version, adapted for PEAGPGPU by Gustavo Castellano and Nicolas Wolovick
# Scattering =   20.000/cm
# Absorption =    2.000/cm
# Photons    =    32768
#
# 0.147072 seconds
# 222.802805 K photons per second
# Radius	Heat
# [microns]	[W/cm^3]	Error
     0	 20610.76465	   307.65117
    50	  3348.93980	    45.70381
   100	  1368.21063	    17.26176
   150	   717.43201	     8.76737
   200	   479.08642	     5.43154
   250	   345.30134	     3.66851
   300	   257.35695	     2.62893
   350	   203.34782	     1.97603
   400	   164.76893	     1.53123
   450	   134.58956	     1.21481
   500	   110.32453	     0.97367
   550	    94.29260	     0.80437
   600	    78.88058	     0.66960
   650	    70.46913	     0.57301
   700	    60.88693	     0.48725
   750	    53.42594	     0.42007
   800	    47.38405	     0.36517
   850	    41.62986	     0.31814
   900	    36.39144	     0.27758
   950	    32.50308	     0.24514
  1000	    29.10366	     0.21731
  1050	    26.28398	     0.19581
  1100	    23.54277	     0.17457
  1150	    21.64894	     0.15784
  1200	    19.67993	     0.14298
  1250	    17.54315	     0.12829
  1300	    15.89282	     0.11644
  1350	    14.55246	     0.10555
  1400	    13.51970	     0.09746
  1450	    12.24946	     0.08899
  1500	    11.41762	     0.08190
  1550	    10.14984	     0.07466
  1600	     9.36248	     0.06845
  1650	     8.46763	     0.06346
  1700	     7.77186	     0.05851
  1750	     7.06609	     0.05416
  1800	     6.58900	     0.05027
  1850	     6.04826	     0.04655
  1900	     5.48728	     0.04284
  1950	     5.15901	     0.04013
  2000	     4.70810	     0.03731
  2050	     4.38248	     0.03495
  2100	     4.00551	     0.03210
  2150	     3.71264	     0.02998
  2200	     3.40076	     0.02813
  2250	     3.18611	     0.02637
  2300	     2.88656	     0.02429
  2350	     2.66614	     0.02274
  2400	     2.49664	     0.02151
  2450	     2.34253	     0.02023
  2500	     2.14358	     0.01877
  2550	     2.05175	     0.01814
  2600	     1.86425	     0.01671
  2650	     1.73695	     0.01579
  2700	     1.57255	     0.01459
  2750	     1.48535	     0.01376
  2800	     1.39436	     0.01322
  2850	     1.29604	     0.01250
  2900	     1.22497	     0.01164
  2950	     1.13740	     0.01101
  3000	     1.06365	     0.01045
  3050	     0.97781	     0.00986
  3100	     0.91765	     0.00937
  3150	     0.83240	     0.00868
  3200	     0.78516	     0.00820
  3250	     0.73133	     0.00787
  3300	     0.66454	     0.00717
  3350	     0.61306	     0.00670
  3400	     0.57727	     0.00647
  3450	     0.54536	     0.00616
  3500	     0.51429	     0.00592
  3550	     0.48177	     0.00552
  3600	     0.43465	     0.00507
  3650	     0.41775	     0.00498
  3700	     0.38340	     0.00462
  3750	     0.36130	     0.00446
  3800	     0.33149	     0.00418
  3850	     0.32132	     0.00402
  3900	     0.29117	     0.00372
  3950	     0.26813	     0.00352
  4000	     0.24753	     0.00325
  4050	     0.23841	     0.00324
  4100	     0.22312	     0.00308
  4150	     0.20944	     0.00291
  4200	     0.20164	     0.00282
  4250	     0.18422	     0.00262
  4300	     0.16808	     0.00247
  4350	     0.16198	     0.00237
  4400	     0.15203	     0.00226
  4450	     0.14611	     0.00224
  4500	     0.13414	     0.00204
  4550	     0.12771	     0.00194
  4600	     0.11590	     0.00178
  4650	     0.10969	     0.00174
  4700	     0.09888	     0.00159
  4750	     0.09807	     0.00161
  4800	     0.09015	     0.00150
  4850	     0.08504	     0.00144
  4900	     0.07789	     0.00133
  4950	     0.07145	     0.00127
# extra	     0.02348
# Tiny Monte Carlo by Scott Prahl (http://omlc.ogi.edu)
# 1 W Point Source Heating in Infinite Isotropic Scattering Medium
# CPU version, adapted for PEAGPGPU by Gustavo Castellano and Nicolas Wolovick
# Scattering =   20.000/cm
# Absorption =    2.000/cm
# Photons    =    32768
#
# 0.148217 seconds
# 221.080841 K photons per second
# Radius	Heat
# [microns]	[W/cm^3]	Error
     0	 20610.76465	   307.65117
    50	  3348.93980	    45.70381
   100	  1368.21063	    17.26176
   150	   717.43201	     8.76737
   200	   479.08642	     5.43154
   250	   345.30134	     3.66851
   300	   257.35695	     2.62893
   350	   203.34782	     1.97603
   400	   164.76893	     1.53123
   450	   134.58956	     1.21481
   500	   110.32453	     0.97367
   550	    94.29260	     0.80437
   600	    78.88058	     0.66960
   650	    70.46913	     0.57301
   700	    60.88693	     0.48725
   750	    53.42594	     0.42007
   800	    47.38405	     0.36517
   850	    41.62986	     0.31814
   900	    36.39144	     0.27758
   950	    32.50308	     0.24514
  1000	    29.10366	     0.21731
  1050	    26.28398	     0.19581
  1100	    23.54277	     0.17457
  1150	    21.64894	     0.15784
  1200	    19.67993	     0.14298
  1250	    17.54315	     0.12829
  1300	    15.89282	     0.11644
  1350	    14.55246	     0.10555
  1400	    13.51970	     0.09746
  1450	    12.24946	     0.08899
  1500	    11.41762	     0.08190
  1550	    10.14984	     0.07466
  1600	     9.36248	     0.06845
  1650	     8.46763	     0.06346
  1700	     7.77186	     0.05851
  1750	     7.06609	     0.05416
  1800	     6.58900	     0.05027
  1850	     6.04826	     0.04655
  1900	     5.48728	     0.04284
  1950	     5.15901	     0.04013
  2000	     4.70810	     0.03731
  2050	     4.38248	     0.03495
  2100	     4.00551	     0.03210
  2150	     3.71264	     0.02998
  2200	     3.40076	     0.02813
  2250	     3.18611	     0.02637
  2300	     2.88656	     0.02429
  2350	     2.66614	     0.02274
  2400	     2.49664	     0.02151
  2450	     2.34253	     0.02023
  2500	     2.14358	     0.01877
  2550	     2.05175	     0.01814
  2600	     1.86425	     0.01671
  2650	     1.73695	     0.01579
  2700	     1.57255	     0.01459
  2750	     1.48535	     0.01376
  2800	     1.39436	     0.01322
  2850	     1.29604	     0.01250
  2900	     1.22497	     0.01164
  2950	     1.13740	     0.01101
  3000	     1.06365	     0.01045
  3050	     0.97781	     0.00986
  3100	     0.91765	     0.00937
  3150	     0.83240	     0.00868
  3200	     0.78516	     0.00820
  3250	     0.73133	     0.00787
  3300	     0.66454	     0.00717
  3350	     0.61306	     0.00670
  3400	     0.57727	     0.00647
  3450	     0.54536	     0.00616
  3500	     0.51429	     0.00592
  3550	     0.48177	     0.00552
  3600	     0.43465	     0.00507
  3650	     0.41775	     0.00498
  3700	     0.38340	     0.00462
  3750	     0.36130	     0.00446
  3800	     0.33149	     0.00418
  3850	     0.32132	     0.00402
  3900	     0.29117	     0.00372
  3950	     0.26813	     0.00352
  4000	     0.24753	     0.00325
  4050	     0.23841	     0.00324
  4100	     0.22312	     0.00308
  4150	     0.20944	     0.00291
  4200	     0.20164	     0.00282
  4250	     0.18422	     0.00262
  4300	     0.16808	     0.00247
  4350	     0.16198	     0.00237
  4400	     0.15203	     0.00226
  4450	     0.14611	     0.00224
  4500	     0.13414	     0.00204
  4550	     0.12771	     0.00194
  4600	     0.11590	     0.00178
  4650	     0.10969	     0.00174
  4700	     0.09888	     0.00159
  4750	     0.09807	     0.00161
  4800	     0.09015	     0.00150
  4850	     0.08504	     0.00144
  4900	     0.07789	     0.00133
  4950	     0.07145	     0.00127
# extra	     0.02348
# Tiny Monte Carlo by Scott Prahl (http://omlc.ogi.edu)
# 1 W Point Source Heating in Infinite Isotropic Scattering Medium
# CPU version, adapted for PEAGPGPU by Gustavo Castellano and Nicolas Wolovick
# Scattering =   20.000/cm
# Absorption =    2.000/cm
# Photons    =    32768
#
# 0.147426 seconds
# 222.267274 K photons per second
# Radius	Heat
# [microns]	[W/cm^3]	Error
     0	 20610.76465	   307.65117
    50	  3348.93980	    45.70381
   100	  1368.21063	    17.26176
   150	   717.43201	     8.76737
   200	   479.08642	     5.43154
   250	   345.30134	     3.66851
   300	   257.35695	     2.62893
   350	   203.34782	     1.97603
   400	   164.76893	     1.53123
   450	   134.58956	     1.21481
   500	   110.32453	     0.97367
   550	    94.29260	     0.80437
   600	    78.88058	     0.66960
   650	    70.46913	     0.57301
   700	    60.88693	     0.48725
   750	    53.42594	     0.42007
   800	    47.38405	     0.36517
   850	    41.62986	     0.31814
   900	    36.39144	     0.27758
   950	    32.50308	     0.24514
  1000	    29.10366	     0.21731
  1050	    26.28398	     0.19581
  1100	    23.54277	     0.17457
  1150	    21.64894	     0.15784
  1200	    19.67993	     0.14298
  1250	    17.54315	     0.12829
  1300	    15.89282	     0.11644
  1350	    14.55246	     0.10555
  1400	    13.51970	     0.09746
  1450	    12.24946	     0.08899
  1500	    11.41762	     0.08190
  1550	    10.14984	     0.07466
  1600	     9.36248	     0.06845
  1650	     8.46763	     0.06346
  1700	     7.77186	     0.05851
  1750	     7.06609	     0.05416
  1800	     6.58900	     0.05027
  1850	     6.04826	     0.04655
  1900	     5.48728	     0.04284
  1950	     5.15901	     0.04013
  2000	     4.70810	     0.03731
  2050	     4.38248	     0.03495
  2100	     4.00551	     0.03210
  2150	     3.71264	     0.02998
  2200	     3.40076	     0.02813
  2250	     3.18611	     0.02637
  2300	     2.88656	     0.02429
  2350	     2.66614	     0.02274
  2400	     2.49664	     0.02151
  2450	     2.34253	     0.02023
  2500	     2.14358	     0.01877
  2550	     2.05175	     0.01814
  2600	     1.86425	     0.01671
  2650	     1.73695	     0.01579
  2700	     1.57255	     0.01459
  2750	     1.48535	     0.01376
  2800	     1.39436	     0.01322
  2850	     1.29604	     0.01250
  2900	     1.22497	     0.01164
  2950	     1.13740	     0.01101
  3000	     1.06365	     0.01045
  3050	     0.97781	     0.00986
  3100	     0.91765	     0.00937
  3150	     0.83240	     0.00868
  3200	     0.78516	     0.00820
  3250	     0.73133	     0.00787
  3300	     0.66454	     0.00717
  3350	     0.61306	     0.00670
  3400	     0.57727	     0.00647
  3450	     0.54536	     0.00616
  3500	     0.51429	     0.00592
  3550	     0.48177	     0.00552
  3600	     0.43465	     0.00507
  3650	     0.41775	     0.00498
  3700	     0.38340	     0.00462
  3750	     0.36130	     0.00446
  3800	     0.33149	     0.00418
  3850	     0.32132	     0.00402
  3900	     0.29117	     0.00372
  3950	     0.26813	     0.00352
  4000	     0.24753	     0.00325
  4050	     0.23841	     0.00324
  4100	     0.22312	     0.00308
  4150	     0.20944	     0.00291
  4200	     0.20164	     0.00282
  4250	     0.18422	     0.00262
  4300	     0.16808	     0.00247
  4350	     0.16198	     0.00237
  4400	     0.15203	     0.00226
  4450	     0.14611	     0.00224
  4500	     0.13414	     0.00204
  4550	     0.12771	     0.00194
  4600	     0.11590	     0.00178
  4650	     0.10969	     0.00174
  4700	     0.09888	     0.00159
  4750	     0.09807	     0.00161
  4800	     0.09015	     0.00150
  4850	     0.08504	     0.00144
  4900	     0.07789	     0.00133
  4950	     0.07145	     0.00127
# extra	     0.02348
# Tiny Monte Carlo by Scott Prahl (http://omlc.ogi.edu)
# 1 W Point Source Heating in Infinite Isotropic Scattering Medium
# CPU version, adapted for PEAGPGPU by Gustavo Castellano and Nicolas Wolovick
# Scattering =   20.000/cm
# Absorption =    2.000/cm
# Photons    =    32768
#
# 0.152253 seconds
# 215.220356 K photons per second
# Radius	Heat
# [microns]	[W/cm^3]	Error
     0	 20610.76465	   307.65117
    50	  3348.93980	    45.70381
   100	  1368.21063	    17.26176
   150	   717.43201	     8.76737
   200	   479.08642	     5.43154
   250	   345.30134	     3.66851
   300	   257.35695	     2.62893
   350	   203.34782	     1.97603
   400	   164.76893	     1.53123
   450	   134.58956	     1.21481
   500	   110.32453	     0.97367
   550	    94.29260	     0.80437
   600	    78.88058	     0.66960
   650	    70.46913	     0.57301
   700	    60.88693	     0.48725
   750	    53.42594	     0.42007
   800	    47.38405	     0.36517
   850	    41.62986	     0.31814
   900	    36.39144	     0.27758
   950	    32.50308	     0.24514
  1000	    29.10366	     0.21731
  1050	    26.28398	     0.19581
  1100	    23.54277	     0.17457
  1150	    21.64894	     0.15784
  1200	    19.67993	     0.14298
  1250	    17.54315	     0.12829
  1300	    15.89282	     0.11644
  1350	    14.55246	     0.10555
  1400	    13.51970	     0.09746
  1450	    12.24946	     0.08899
  1500	    11.41762	     0.08190
  1550	    10.14984	     0.07466
  1600	     9.36248	     0.06845
  1650	     8.46763	     0.06346
  1700	     7.77186	     0.05851
  1750	     7.06609	     0.05416
  1800	     6.58900	     0.05027
  1850	     6.04826	     0.04655
  1900	     5.48728	     0.04284
  1950	     5.15901	     0.04013
  2000	     4.70810	     0.03731
  2050	     4.38248	     0.03495
  2100	     4.00551	     0.03210
  2150	     3.71264	     0.02998
  2200	     3.40076	     0.02813
  2250	     3.18611	     0.02637
  2300	     2.88656	     0.02429
  2350	     2.66614	     0.02274
  2400	     2.49664	     0.02151
  2450	     2.34253	     0.02023
  2500	     2.14358	     0.01877
  2550	     2.05175	     0.01814
  2600	     1.86425	     0.01671
  2650	     1.73695	     0.01579
  2700	     1.57255	     0.01459
  2750	     1.48535	     0.01376
  2800	     1.39436	     0.01322
  2850	     1.29604	     0.01250
  2900	     1.22497	     0.01164
  2950	     1.13740	     0.01101
  3000	     1.06365	     0.01045
  3050	     0.97781	     0.00986
  3100	     0.91765	     0.00937
  3150	     0.83240	     0.00868
  3200	     0.78516	     0.00820
  3250	     0.73133	     0.00787
  3300	     0.66454	     0.00717
  3350	     0.61306	     0.00670
  3400	     0.57727	     0.00647
  3450	     0.54536	     0.00616
  3500	     0.51429	     0.00592
  3550	     0.48177	     0.00552
  3600	     0.43465	     0.00507
  3650	     0.41775	     0.00498
  3700	     0.38340	     0.00462
  3750	     0.36130	     0.00446
  3800	     0.33149	     0.00418
  3850	     0.32132	     0.00402
  3900	     0.29117	     0.00372
  3950	     0.26813	     0.00352
  4000	     0.24753	     0.00325
  4050	     0.23841	     0.00324
  4100	     0.22312	     0.00308
  4150	     0.20944	     0.00291
  4200	     0.20164	     0.00282
  4250	     0.18422	     0.00262
  4300	     0.16808	     0.00247
  4350	     0.16198	     0.00237
  4400	     0.15203	     0.00226
  4450	     0.14611	     0.00224
  4500	     0.13414	     0.00204
  4550	     0.12771	     0.00194
  4600	     0.11590	     0.00178
  4650	     0.10969	     0.00174
  4700	     0.09888	     0.00159
  4750	     0.09807	     0.00161
  4800	     0.09015	     0.00150
  4850	     0.08504	     0.00144
  4900	     0.07789	     0.00133
  4950	     0.07145	     0.00127
# extra	     0.02348
# Tiny Monte Carlo by Scott Prahl (http://omlc.ogi.edu)
# 1 W Point Source Heating in Infinite Isotropic Scattering Medium
# CPU version, adapted for PEAGPGPU by Gustavo Castellano and Nicolas Wolovick
# Scattering =   20.000/cm
# Absorption =    2.000/cm
# Photons    =    32768
#
# 0.147457 seconds
# 222.220670 K photons per second
# Radius	Heat
# [microns]	[W/cm^3]	Error
     0	 20610.76465	   307.65117
    50	  3348.93980	    45.70381
   100	  1368.21063	    17.26176
   150	   717.43201	     8.76737
   200	   479.08642	     5.43154
   250	   345.30134	     3.66851
   300	   257.35695	     2.62893
   350	   203.34782	     1.97603
   400	   164.76893	     1.53123
   450	   134.58956	     1.21481
   500	   110.32453	     0.97367
   550	    94.29260	     0.80437
   600	    78.88058	     0.66960
   650	    70.46913	     0.57301
   700	    60.88693	     0.48725
   750	    53.42594	     0.42007
   800	    47.38405	     0.36517
   850	    41.62986	     0.31814
   900	    36.39144	     0.27758
   950	    32.50308	     0.24514
  1000	    29.10366	     0.21731
  1050	    26.28398	     0.19581
  1100	    23.54277	     0.17457
  1150	    21.64894	     0.15784
  1200	    19.67993	     0.14298
  1250	    17.54315	     0.12829
  1300	    15.89282	     0.11644
  1350	    14.55246	     0.10555
  1400	    13.51970	     0.09746
  1450	    12.24946	     0.08899
  1500	    11.41762	     0.08190
  1550	    10.14984	     0.07466
  1600	     9.36248	     0.06845
  1650	     8.46763	     0.06346
  1700	     7.77186	     0.05851
  1750	     7.06609	     0.05416
  1800	     6.58900	     0.05027
  1850	     6.04826	     0.04655
  1900	     5.48728	     0.04284
  1950	     5.15901	     0.04013
  2000	     4.70810	     0.03731
  2050	     4.38248	     0.03495
  2100	     4.00551	     0.03210
  2150	     3.71264	     0.02998
  2200	     3.40076	     0.02813
  2250	     3.18611	     0.02637
  2300	     2.88656	     0.02429
  2350	     2.66614	     0.02274
  2400	     2.49664	     0.02151
  2450	     2.34253	     0.02023
  2500	     2.14358	     0.01877
  2550	     2.05175	     0.01814
  2600	     1.86425	     0.01671
  2650	     1.73695	     0.01579
  2700	     1.57255	     0.01459
  2750	     1.48535	     0.01376
  2800	     1.39436	     0.01322
  2850	     1.29604	     0.01250
  2900	     1.22497	     0.01164
  2950	     1.13740	     0.01101
  3000	     1.06365	     0.01045
  3050	     0.97781	     0.00986
  3100	     0.91765	     0.00937
  3150	     0.83240	     0.00868
  3200	     0.78516	     0.00820
  3250	     0.73133	     0.00787
  3300	     0.66454	     0.00717
  3350	     0.61306	     0.00670
  3400	     0.57727	     0.00647
  3450	     0.54536	     0.00616
  3500	     0.51429	     0.00592
  3550	     0.48177	     0.00552
  3600	     0.43465	     0.00507
  3650	     0.41775	     0.00498
  3700	     0.38340	     0.00462
  3750	     0.36130	     0.00446
  3800	     0.33149	     0.00418
  3850	     0.32132	     0.00402
  3900	     0.29117	     0.00372
  3950	     0.26813	     0.00352
  4000	     0.24753	     0.00325
  4050	     0.23841	     0.00324
  4100	     0.22312	     0.00308
  4150	     0.20944	     0.00291
  4200	     0.20164	     0.00282
  4250	     0.18422	     0.00262
  4300	     0.16808	     0.00247
  4350	     0.16198	     0.00237
  4400	     0.15203	     0.00226
  4450	     0.14611	     0.00224
  4500	     0.13414	     0.00204
  4550	     0.12771	     0.00194
  4600	     0.11590	     0.00178
  4650	     0.10969	     0.00174
  4700	     0.09888	     0.00159
  4750	     0.09807	     0.00161
  4800	     0.09015	     0.00150
  4850	     0.08504	     0.00144
  4900	     0.07789	     0.00133
  4950	     0.07145	     0.00127
# extra	     0.02348
# Tiny Monte Carlo by Scott Prahl (http://omlc.ogi.edu)
# 1 W Point Source Heating in Infinite Isotropic Scattering Medium
# CPU version, adapted for PEAGPGPU by Gustavo Castellano and Nicolas Wolovick
# Scattering =   20.000/cm
# Absorption =    2.000/cm
# Photons    =    32768
#
# 0.150366 seconds
# 217.921377 K photons per second
# Radius	Heat
# [microns]	[W/cm^3]	Error
     0	 20610.76465	   307.65117
    50	  3348.93980	    45.70381
   100	  1368.21063	    17.26176
   150	   717.43201	     8.76737
   200	   479.08642	     5.43154
   250	   345.30134	     3.66851
   300	   257.35695	     2.62893
   350	   203.34782	     1.97603
   400	   164.76893	     1.53123
   450	   134.58956	     1.21481
   500	   110.32453	     0.97367
   550	    94.29260	     0.80437
   600	    78.88058	     0.66960
   650	    70.46913	     0.57301
   700	    60.88693	     0.48725
   750	    53.42594	     0.42007
   800	    47.38405	     0.36517
   850	    41.62986	     0.31814
   900	    36.39144	     0.27758
   950	    32.50308	     0.24514
  1000	    29.10366	     0.21731
  1050	    26.28398	     0.19581
  1100	    23.54277	     0.17457
  1150	    21.64894	     0.15784
  1200	    19.67993	     0.14298
  1250	    17.54315	     0.12829
  1300	    15.89282	     0.11644
  1350	    14.55246	     0.10555
  1400	    13.51970	     0.09746
  1450	    12.24946	     0.08899
  1500	    11.41762	     0.08190
  1550	    10.14984	     0.07466
  1600	     9.36248	     0.06845
  1650	     8.46763	     0.06346
  1700	     7.77186	     0.05851
  1750	     7.06609	     0.05416
  1800	     6.58900	     0.05027
  1850	     6.04826	     0.04655
  1900	     5.48728	     0.04284
  1950	     5.15901	     0.04013
  2000	     4.70810	     0.03731
  2050	     4.38248	     0.03495
  2100	     4.00551	     0.03210
  2150	     3.71264	     0.02998
  2200	     3.40076	     0.02813
  2250	     3.18611	     0.02637
  2300	     2.88656	     0.02429
  2350	     2.66614	     0.02274
  2400	     2.49664	     0.02151
  2450	     2.34253	     0.02023
  2500	     2.14358	     0.01877
  2550	     2.05175	     0.01814
  2600	     1.86425	     0.01671
  2650	     1.73695	     0.01579
  2700	     1.57255	     0.01459
  2750	     1.48535	     0.01376
  2800	     1.39436	     0.01322
  2850	     1.29604	     0.01250
  2900	     1.22497	     0.01164
  2950	     1.13740	     0.01101
  3000	     1.06365	     0.01045
  3050	     0.97781	     0.00986
  3100	     0.91765	     0.00937
  3150	     0.83240	     0.00868
  3200	     0.78516	     0.00820
  3250	     0.73133	     0.00787
  3300	     0.66454	     0.00717
  3350	     0.61306	     0.00670
  3400	     0.57727	     0.00647
  3450	     0.54536	     0.00616
  3500	     0.51429	     0.00592
  3550	     0.48177	     0.00552
  3600	     0.43465	     0.00507
  3650	     0.41775	     0.00498
  3700	     0.38340	     0.00462
  3750	     0.36130	     0.00446
  3800	     0.33149	     0.00418
  3850	     0.32132	     0.00402
  3900	     0.29117	     0.00372
  3950	     0.26813	     0.00352
  4000	     0.24753	     0.00325
  4050	     0.23841	     0.00324
  4100	     0.22312	     0.00308
  4150	     0.20944	     0.00291
  4200	     0.20164	     0.00282
  4250	     0.18422	     0.00262
  4300	     0.16808	     0.00247
  4350	     0.16198	     0.00237
  4400	     0.15203	     0.00226
  4450	     0.14611	     0.00224
  4500	     0.13414	     0.00204
  4550	     0.12771	     0.00194
  4600	     0.11590	     0.00178
  4650	     0.10969	     0.00174
  4700	     0.09888	     0.00159
  4750	     0.09807	     0.00161
  4800	     0.09015	     0.00150
  4850	     0.08504	     0.00144
  4900	     0.07789	     0.00133
  4950	     0.07145	     0.00127
# extra	     0.02348
# Tiny Monte Carlo by Scott Prahl (http://omlc.ogi.edu)
# 1 W Point Source Heating in Infinite Isotropic Scattering Medium
# CPU version, adapted for PEAGPGPU by Gustavo Castellano and Nicolas Wolovick
# Scattering =   20.000/cm
# Absorption =    2.000/cm
# Photons    =    32768
#
# 0.152160 seconds
# 215.352784 K photons per second
# Radius	Heat
# [microns]	[W/cm^3]	Error
     0	 20610.76465	   307.65117
    50	  3348.93980	    45.70381
   100	  1368.21063	    17.26176
   150	   717.43201	     8.76737
   200	   479.08642	     5.43154
   250	   345.30134	     3.66851
   300	   257.35695	     2.62893
   350	   203.34782	     1.97603
   400	   164.76893	     1.53123
   450	   134.58956	     1.21481
   500	   110.32453	     0.97367
   550	    94.29260	     0.80437
   600	    78.88058	     0.66960
   650	    70.46913	     0.57301
   700	    60.88693	     0.48725
   750	    53.42594	     0.42007
   800	    47.38405	     0.36517
   850	    41.62986	     0.31814
   900	    36.39144	     0.27758
   950	    32.50308	     0.24514
  1000	    29.10366	     0.21731
  1050	    26.28398	     0.19581
  1100	    23.54277	     0.17457
  1150	    21.64894	     0.15784
  1200	    19.67993	     0.14298
  1250	    17.54315	     0.12829
  1300	    15.89282	     0.11644
  1350	    14.55246	     0.10555
  1400	    13.51970	     0.09746
  1450	    12.24946	     0.08899
  1500	    11.41762	     0.08190
  1550	    10.14984	     0.07466
  1600	     9.36248	     0.06845
  1650	     8.46763	     0.06346
  1700	     7.77186	     0.05851
  1750	     7.06609	     0.05416
  1800	     6.58900	     0.05027
  1850	     6.04826	     0.04655
  1900	     5.48728	     0.04284
  1950	     5.15901	     0.04013
  2000	     4.70810	     0.03731
  2050	     4.38248	     0.03495
  2100	     4.00551	     0.03210
  2150	     3.71264	     0.02998
  2200	     3.40076	     0.02813
  2250	     3.18611	     0.02637
  2300	     2.88656	     0.02429
  2350	     2.66614	     0.02274
  2400	     2.49664	     0.02151
  2450	     2.34253	     0.02023
  2500	     2.14358	     0.01877
  2550	     2.05175	     0.01814
  2600	     1.86425	     0.01671
  2650	     1.73695	     0.01579
  2700	     1.57255	     0.01459
  2750	     1.48535	     0.01376
  2800	     1.39436	     0.01322
  2850	     1.29604	     0.01250
  2900	     1.22497	     0.01164
  2950	     1.13740	     0.01101
  3000	     1.06365	     0.01045
  3050	     0.97781	     0.00986
  3100	     0.91765	     0.00937
  3150	     0.83240	     0.00868
  3200	     0.78516	     0.00820
  3250	     0.73133	     0.00787
  3300	     0.66454	     0.00717
  3350	     0.61306	     0.00670
  3400	     0.57727	     0.00647
  3450	     0.54536	     0.00616
  3500	     0.51429	     0.00592
  3550	     0.48177	     0.00552
  3600	     0.43465	     0.00507
  3650	     0.41775	     0.00498
  3700	     0.38340	     0.00462
  3750	     0.36130	     0.00446
  3800	     0.33149	     0.00418
  3850	     0.32132	     0.00402
  3900	     0.29117	     0.00372
  3950	     0.26813	     0.00352
  4000	     0.24753	     0.00325
  4050	     0.23841	     0.00324
  4100	     0.22312	     0.00308
  4150	     0.20944	     0.00291
  4200	     0.20164	     0.00282
  4250	     0.18422	     0.00262
  4300	     0.16808	     0.00247
  4350	     0.16198	     0.00237
  4400	     0.15203	     0.00226
  4450	     0.14611	     0.00224
  4500	     0.13414	     0.00204
  4550	     0.12771	     0.00194
  4600	     0.11590	     0.00178
  4650	     0.10969	     0.00174
  4700	     0.09888	     0.00159
  4750	     0.09807	     0.00161
  4800	     0.09015	     0.00150
  4850	     0.08504	     0.00144
  4900	     0.07789	     0.00133
  4950	     0.07145	     0.00127
# extra	     0.02348
# Tiny Monte Carlo by Scott Prahl (http://omlc.ogi.edu)
# 1 W Point Source Heating in Infinite Isotropic Scattering Medium
# CPU version, adapted for PEAGPGPU by Gustavo Castellano and Nicolas Wolovick
# Scattering =   20.000/cm
# Absorption =    2.000/cm
# Photons    =    32768
#
# 0.149903 seconds
# 218.595104 K photons per second
# Radius	Heat
# [microns]	[W/cm^3]	Error
     0	 20584.65527	   307.64146
    50	  3363.89000	    45.68973
   100	  1319.17044	    17.00406
   150	   738.19985	     8.88304
   200	   488.02427	     5.46831
   250	   344.61830	     3.67506
   300	   258.99619	     2.63692
   350	   200.79074	     1.96245
   400	   159.14060	     1.51377
   450	   133.14665	     1.20417
   500	   109.10932	     0.97349
   550	    94.13753	     0.80674
   600	    80.47760	     0.67337
   650	    70.00050	     0.56990
   700	    61.73784	     0.48952
   750	    53.40190	     0.42141
   800	    45.57003	     0.36275
   850	    42.39555	     0.31962
   900	    36.45086	     0.27803
   950	    33.11837	     0.24837
  1000	    29.62918	     0.22044
  1050	    26.35659	     0.19515
  1100	    23.97303	     0.17512
  1150	    21.50319	     0.15755
  1200	    19.44091	     0.14233
  1250	    17.55734	     0.12884
  1300	    15.71415	     0.11613
  1350	    14.49292	     0.10621
  1400	    13.11731	     0.09674
  1450	    12.12002	     0.08842
  1500	    11.09314	     0.08122
  1550	    10.17498	     0.07453
  1600	     9.15875	     0.06801
  1650	     8.49426	     0.06319
  1700	     7.80088	     0.05827
  1750	     7.21898	     0.05414
  1800	     6.65171	     0.04998
  1850	     6.02464	     0.04612
  1900	     5.58788	     0.04325
  1950	     5.11186	     0.04011
  2000	     4.68724	     0.03689
  2050	     4.40745	     0.03490
  2100	     4.14594	     0.03297
  2150	     3.68807	     0.02961
  2200	     3.43468	     0.02802
  2250	     3.19277	     0.02632
  2300	     2.95375	     0.02480
  2350	     2.78759	     0.02323
  2400	     2.50453	     0.02158
  2450	     2.38188	     0.02047
  2500	     2.20417	     0.01917
  2550	     2.06074	     0.01810
  2600	     1.92599	     0.01704
  2650	     1.73527	     0.01574
  2700	     1.65212	     0.01492
  2750	     1.53970	     0.01412
  2800	     1.36795	     0.01296
  2850	     1.31139	     0.01242
  2900	     1.20931	     0.01165
  2950	     1.13336	     0.01102
  3000	     1.06332	     0.01056
  3050	     0.97479	     0.00991
  3100	     0.89673	     0.00921
  3150	     0.82601	     0.00867
  3200	     0.77131	     0.00807
  3250	     0.73654	     0.00785
  3300	     0.67165	     0.00724
  3350	     0.63013	     0.00691
  3400	     0.59824	     0.00656
  3450	     0.54089	     0.00615
  3500	     0.50848	     0.00581
  3550	     0.47432	     0.00551
  3600	     0.42870	     0.00510
  3650	     0.41388	     0.00486
  3700	     0.38173	     0.00469
  3750	     0.35413	     0.00435
  3800	     0.32546	     0.00407
  3850	     0.30683	     0.00395
  3900	     0.28987	     0.00369
  3950	     0.27436	     0.00361
  4000	     0.25659	     0.00338
  4050	     0.23567	     0.00318
  4100	     0.22199	     0.00300
  4150	     0.20620	     0.00287
  4200	     0.19604	     0.00276
  4250	     0.18309	     0.00264
  4300	     0.17370	     0.00251
  4350	     0.16331	     0.00241
  4400	     0.15434	     0.00229
  4450	     0.13883	     0.00209
  4500	     0.13147	     0.00201
  4550	     0.12252	     0.00192
  4600	     0.11422	     0.00184
  4650	     0.10821	     0.00173
  4700	     0.10147	     0.00163
  4750	     0.09131	     0.00150
  4800	     0.08887	     0.00148
  4850	     0.08224	     0.00142
  4900	     0.07802	     0.00133
  4950	     0.07020	     0.00122
# extra	     0.02307
# Tiny Monte Carlo by Scott Prahl (http://omlc.ogi.edu)
# 1 W Point Source Heating in Infinite Isotropic Scattering Medium
# CPU version, adapted for PEAGPGPU by Gustavo Castellano and Nicolas Wolovick
# Scattering =   20.000/cm
# Absorption =    2.000/cm
# Photons    =    32768
#
# 0.151257 seconds
# 216.637696 K photons per second
# Radius	Heat
# [microns]	[W/cm^3]	Error
     0	 20584.65527	   307.64146
    50	  3363.89000	    45.68973
   100	  1319.17044	    17.00406
   150	   738.19985	     8.88304
   200	   488.02427	     5.46831
   250	   344.61830	     3.67506
   300	   258.99619	     2.63692
   350	   200.79074	     1.96245
   400	   159.14060	     1.51377
   450	   133.14665	     1.20417
   500	   109.10932	     0.97349
   550	    94.13753	     0.80674
   600	    80.47760	     0.67337
   650	    70.00050	     0.56990
   700	    61.73784	     0.48952
   750	    53.40190	     0.42141
   800	    45.57003	     0.36275
   850	    42.39555	     0.31962
   900	    36.45086	     0.27803
   950	    33.11837	     0.24837
  1000	    29.62918	     0.22044
  1050	    26.35659	     0.19515
  1100	    23.97303	     0.17512
  1150	    21.50319	     0.15755
  1200	    19.44091	     0.14233
  1250	    17.55734	     0.12884
  1300	    15.71415	     0.11613
  1350	    14.49292	     0.10621
  1400	    13.11731	     0.09674
  1450	    12.12002	     0.08842
  1500	    11.09314	     0.08122
  1550	    10.17498	     0.07453
  1600	     9.15875	     0.06801
  1650	     8.49426	     0.06319
  1700	     7.80088	     0.05827
  1750	     7.21898	     0.05414
  1800	     6.65171	     0.04998
  1850	     6.02464	     0.04612
  1900	     5.58788	     0.04325
  1950	     5.11186	     0.04011
  2000	     4.68724	     0.03689
  2050	     4.40745	     0.03490
  2100	     4.14594	     0.03297
  2150	     3.68807	     0.02961
  2200	     3.43468	     0.02802
  2250	     3.19277	     0.02632
  2300	     2.95375	     0.02480
  2350	     2.78759	     0.02323
  2400	     2.50453	     0.02158
  2450	     2.38188	     0.02047
  2500	     2.20417	     0.01917
  2550	     2.06074	     0.01810
  2600	     1.92599	     0.01704
  2650	     1.73527	     0.01574
  2700	     1.65212	     0.01492
  2750	     1.53970	     0.01412
  2800	     1.36795	     0.01296
  2850	     1.31139	     0.01242
  2900	     1.20931	     0.01165
  2950	     1.13336	     0.01102
  3000	     1.06332	     0.01056
  3050	     0.97479	     0.00991
  3100	     0.89673	     0.00921
  3150	     0.82601	     0.00867
  3200	     0.77131	     0.00807
  3250	     0.73654	     0.00785
  3300	     0.67165	     0.00724
  3350	     0.63013	     0.00691
  3400	     0.59824	     0.00656
  3450	     0.54089	     0.00615
  3500	     0.50848	     0.00581
  3550	     0.47432	     0.00551
  3600	     0.42870	     0.00510
  3650	     0.41388	     0.00486
  3700	     0.38173	     0.00469
  3750	     0.35413	     0.00435
  3800	     0.32546	     0.00407
  3850	     0.30683	     0.00395
  3900	     0.28987	     0.00369
  3950	     0.27436	     0.00361
  4000	     0.25659	     0.00338
  4050	     0.23567	     0.00318
  4100	     0.22199	     0.00300
  4150	     0.20620	     0.00287
  4200	     0.19604	     0.00276
  4250	     0.18309	     0.00264
  4300	     0.17370	     0.00251
  4350	     0.16331	     0.00241
  4400	     0.15434	     0.00229
  4450	     0.13883	     0.00209
  4500	     0.13147	     0.00201
  4550	     0.12252	     0.00192
  4600	     0.11422	     0.00184
  4650	     0.10821	     0.00173
  4700	     0.10147	     0.00163
  4750	     0.09131	     0.00150
  4800	     0.08887	     0.00148
  4850	     0.08224	     0.00142
  4900	     0.07802	     0.00133
  4950	     0.07020	     0.00122
# extra	     0.02307
# Tiny Monte Carlo by Scott Prahl (http://omlc.ogi.edu)
# 1 W Point Source Heating in Infinite Isotropic Scattering Medium
# CPU version, adapted for PEAGPGPU by Gustavo Castellano and Nicolas Wolovick
# Scattering =   20.000/cm
# Absorption =    2.000/cm
# Photons    =    32768
#
# 0.150101 seconds
# 218.306823 K photons per second
# Radius	Heat
# [microns]	[W/cm^3]	Error
     0	 20584.65527	   307.64146
    50	  3363.89000	    45.68973
   100	  1319.17044	    17.00406
   150	   738.19985	     8.88304
   200	   488.02427	     5.46831
   250	   344.61830	     3.67506
   300	   258.99619	     2.63692
   350	   200.79074	     1.96245
   400	   159.14060	     1.51377
   450	   133.14665	     1.20417
   500	   109.10932	     0.97349
   550	    94.13753	     0.80674
   600	    80.47760	     0.67337
   650	    70.00050	     0.56990
   700	    61.73784	     0.48952
   750	    53.40190	     0.42141
   800	    45.57003	     0.36275
   850	    42.39555	     0.31962
   900	    36.45086	     0.27803
   950	    33.11837	     0.24837
  1000	    29.62918	     0.22044
  1050	    26.35659	     0.19515
  1100	    23.97303	     0.17512
  1150	    21.50319	     0.15755
  1200	    19.44091	     0.14233
  1250	    17.55734	     0.12884
  1300	    15.71415	     0.11613
  1350	    14.49292	     0.10621
  1400	    13.11731	     0.09674
  1450	    12.12002	     0.08842
  1500	    11.09314	     0.08122
  1550	    10.17498	     0.07453
  1600	     9.15875	     0.06801
  1650	     8.49426	     0.06319
  1700	     7.80088	     0.05827
  1750	     7.21898	     0.05414
  1800	     6.65171	     0.04998
  1850	     6.02464	     0.04612
  1900	     5.58788	     0.04325
  1950	     5.11186	     0.04011
  2000	     4.68724	     0.03689
  2050	     4.40745	     0.03490
  2100	     4.14594	     0.03297
  2150	     3.68807	     0.02961
  2200	     3.43468	     0.02802
  2250	     3.19277	     0.02632
  2300	     2.95375	     0.02480
  2350	     2.78759	     0.02323
  2400	     2.50453	     0.02158
  2450	     2.38188	     0.02047
  2500	     2.20417	     0.01917
  2550	     2.06074	     0.01810
  2600	     1.92599	     0.01704
  2650	     1.73527	     0.01574
  2700	     1.65212	     0.01492
  2750	     1.53970	     0.01412
  2800	     1.36795	     0.01296
  2850	     1.31139	     0.01242
  2900	     1.20931	     0.01165
  2950	     1.13336	     0.01102
  3000	     1.06332	     0.01056
  3050	     0.97479	     0.00991
  3100	     0.89673	     0.00921
  3150	     0.82601	     0.00867
  3200	     0.77131	     0.00807
  3250	     0.73654	     0.00785
  3300	     0.67165	     0.00724
  3350	     0.63013	     0.00691
  3400	     0.59824	     0.00656
  3450	     0.54089	     0.00615
  3500	     0.50848	     0.00581
  3550	     0.47432	     0.00551
  3600	     0.42870	     0.00510
  3650	     0.41388	     0.00486
  3700	     0.38173	     0.00469
  3750	     0.35413	     0.00435
  3800	     0.32546	     0.00407
  3850	     0.30683	     0.00395
  3900	     0.28987	     0.00369
  3950	     0.27436	     0.00361
  4000	     0.25659	     0.00338
  4050	     0.23567	     0.00318
  4100	     0.22199	     0.00300
  4150	     0.20620	     0.00287
  4200	     0.19604	     0.00276
  4250	     0.18309	     0.00264
  4300	     0.17370	     0.00251
  4350	     0.16331	     0.00241
  4400	     0.15434	     0.00229
  4450	     0.13883	     0.00209
  4500	     0.13147	     0.00201
  4550	     0.12252	     0.00192
  4600	     0.11422	     0.00184
  4650	     0.10821	     0.00173
  4700	     0.10147	     0.00163
  4750	     0.09131	     0.00150
  4800	     0.08887	     0.00148
  4850	     0.08224	     0.00142
  4900	     0.07802	     0.00133
  4950	     0.07020	     0.00122
# extra	     0.02307
