# Tiny Monte Carlo by Scott Prahl (http://omlc.ogi.edu)
# 1 W Point Source Heating in Infinite Isotropic Scattering Medium
# CPU version, adapted for PEAGPGPU by Gustavo Castellano and Nicolas Wolovick
# Scattering =   20.000/cm
# Absorption =    2.000/cm
# Photons    =    32768
#
# 0.148261 seconds
# 221.014987 K photons per second
# Radius	Heat
# [microns]	[W/cm^3]	Error
     0	 20428.35645	   306.98211
    50	  3224.47266	    45.03602
   100	  1311.17023	    16.99512
   150	   732.73131	     8.85387
   200	   490.14368	     5.47419
   250	   344.77139	     3.66854
   300	   257.04711	     2.62529
   350	   198.44647	     1.94968
   400	   161.13684	     1.51716
   450	   133.41715	     1.20966
   500	   112.29231	     0.98048
   550	    93.41310	     0.80545
   600	    82.05956	     0.67749
   650	    70.63873	     0.57203
   700	    60.27988	     0.48644
   750	    52.52943	     0.41838
   800	    46.68219	     0.36252
   850	    40.78845	     0.31651
   900	    36.88024	     0.27928
   950	    33.06657	     0.24703
  1000	    29.62286	     0.22010
  1050	    26.66693	     0.19535
  1100	    23.88543	     0.17541
  1150	    21.19333	     0.15654
  1200	    19.52966	     0.14193
  1250	    17.56585	     0.12851
  1300	    16.01677	     0.11684
  1350	    14.55787	     0.10638
  1400	    13.21144	     0.09668
  1450	    12.17144	     0.08918
  1500	    11.14571	     0.08223
  1550	    10.22739	     0.07519
  1600	     9.24998	     0.06855
  1650	     8.46659	     0.06332
  1700	     7.81853	     0.05869
  1750	     7.29914	     0.05437
  1800	     6.63890	     0.05037
  1850	     6.08993	     0.04679
  1900	     5.64852	     0.04332
  1950	     5.21060	     0.04017
  2000	     4.67034	     0.03717
  2050	     4.27708	     0.03441
  2100	     3.98797	     0.03218
  2150	     3.68295	     0.03012
  2200	     3.36584	     0.02795
  2250	     3.20028	     0.02665
  2300	     2.99323	     0.02506
  2350	     2.68588	     0.02276
  2400	     2.52950	     0.02185
  2450	     2.35050	     0.02035
  2500	     2.14017	     0.01885
  2550	     2.01127	     0.01771
  2600	     1.84295	     0.01684
  2650	     1.71754	     0.01576
  2700	     1.63869	     0.01493
  2750	     1.49925	     0.01409
  2800	     1.40109	     0.01312
  2850	     1.28528	     0.01241
  2900	     1.21693	     0.01170
  2950	     1.13497	     0.01115
  3000	     1.04041	     0.01030
  3050	     0.96404	     0.00974
  3100	     0.88238	     0.00906
  3150	     0.83749	     0.00867
  3200	     0.78774	     0.00822
  3250	     0.73368	     0.00778
  3300	     0.68020	     0.00728
  3350	     0.63321	     0.00691
  3400	     0.59705	     0.00656
  3450	     0.55522	     0.00628
  3500	     0.51434	     0.00592
  3550	     0.48477	     0.00563
  3600	     0.44819	     0.00524
  3650	     0.41786	     0.00493
  3700	     0.40228	     0.00485
  3750	     0.36272	     0.00444
  3800	     0.34619	     0.00432
  3850	     0.30703	     0.00387
  3900	     0.29803	     0.00380
  3950	     0.27810	     0.00364
  4000	     0.25973	     0.00339
  4050	     0.23891	     0.00321
  4100	     0.23080	     0.00309
  4150	     0.21081	     0.00296
  4200	     0.19377	     0.00269
  4250	     0.17965	     0.00253
  4300	     0.16812	     0.00244
  4350	     0.15522	     0.00225
  4400	     0.15433	     0.00223
  4450	     0.13963	     0.00213
  4500	     0.13124	     0.00200
  4550	     0.12501	     0.00192
  4600	     0.11684	     0.00184
  4650	     0.10512	     0.00163
  4700	     0.10105	     0.00165
  4750	     0.09222	     0.00152
  4800	     0.08959	     0.00149
  4850	     0.08386	     0.00144
  4900	     0.07741	     0.00134
  4950	     0.07278	     0.00130
# extra	     0.02356
# Tiny Monte Carlo by Scott Prahl (http://omlc.ogi.edu)
# 1 W Point Source Heating in Infinite Isotropic Scattering Medium
# CPU version, adapted for PEAGPGPU by Gustavo Castellano and Nicolas Wolovick
# Scattering =   20.000/cm
# Absorption =    2.000/cm
# Photons    =    32768
#
# 0.149409 seconds
# 219.317503 K photons per second
# Radius	Heat
# [microns]	[W/cm^3]	Error
     0	 20435.79492	   306.75610
    50	  3290.30357	    45.34872
   100	  1331.83902	    17.07694
   150	   738.78278	     8.86685
   200	   476.68081	     5.41504
   250	   344.34375	     3.67790
   300	   257.13865	     2.62260
   350	   204.97935	     1.98229
   400	   158.87822	     1.50954
   450	   132.77582	     1.20685
   500	   112.75032	     0.98606
   550	    93.71090	     0.80461
   600	    81.12347	     0.67536
   650	    70.07631	     0.57147
   700	    60.18604	     0.48519
   750	    53.58365	     0.42075
   800	    46.36415	     0.36080
   850	    41.79660	     0.31799
   900	    37.55783	     0.28112
   950	    32.87906	     0.24744
  1000	    29.75039	     0.21940
  1050	    26.70805	     0.19529
  1100	    23.92676	     0.17509
  1150	    21.78855	     0.15926
  1200	    19.63936	     0.14260
  1250	    17.69181	     0.12871
  1300	    15.96890	     0.11639
  1350	    14.66375	     0.10573
  1400	    13.29904	     0.09689
  1450	    11.97644	     0.08853
  1500	    11.08403	     0.08105
  1550	    10.29015	     0.07474
  1600	     9.44786	     0.06884
  1650	     8.72615	     0.06381
  1700	     7.93366	     0.05899
  1750	     7.10509	     0.05388
  1800	     6.67377	     0.05011
  1850	     6.23015	     0.04692
  1900	     5.63047	     0.04285
  1950	     5.18164	     0.04010
  2000	     4.80969	     0.03754
  2050	     4.40979	     0.03462
  2100	     4.02761	     0.03233
  2150	     3.73706	     0.03020
  2200	     3.41133	     0.02808
  2250	     3.13691	     0.02618
  2300	     2.96880	     0.02476
  2350	     2.68846	     0.02273
  2400	     2.47938	     0.02145
  2450	     2.29597	     0.01995
  2500	     2.15582	     0.01905
  2550	     1.97840	     0.01747
  2600	     1.81981	     0.01634
  2650	     1.74209	     0.01579
  2700	     1.57124	     0.01463
  2750	     1.48254	     0.01387
  2800	     1.36746	     0.01291
  2850	     1.27442	     0.01220
  2900	     1.18661	     0.01152
  2950	     1.11957	     0.01089
  3000	     1.01655	     0.01016
  3050	     0.95273	     0.00963
  3100	     0.88742	     0.00913
  3150	     0.85512	     0.00888
  3200	     0.78573	     0.00819
  3250	     0.73145	     0.00774
  3300	     0.67339	     0.00725
  3350	     0.62443	     0.00683
  3400	     0.57968	     0.00644
  3450	     0.54153	     0.00613
  3500	     0.50853	     0.00581
  3550	     0.47688	     0.00558
  3600	     0.43969	     0.00525
  3650	     0.40382	     0.00489
  3700	     0.38646	     0.00467
  3750	     0.35772	     0.00445
  3800	     0.33662	     0.00414
  3850	     0.31365	     0.00399
  3900	     0.29746	     0.00373
  3950	     0.27072	     0.00351
  4000	     0.25295	     0.00332
  4050	     0.23644	     0.00320
  4100	     0.21739	     0.00297
  4150	     0.20532	     0.00283
  4200	     0.18505	     0.00262
  4250	     0.17812	     0.00249
  4300	     0.16494	     0.00240
  4350	     0.15787	     0.00233
  4400	     0.14368	     0.00215
  4450	     0.13789	     0.00204
  4500	     0.12598	     0.00193
  4550	     0.11851	     0.00184
  4600	     0.10935	     0.00176
  4650	     0.10382	     0.00168
  4700	     0.09563	     0.00156
  4750	     0.09051	     0.00154
  4800	     0.08767	     0.00145
  4850	     0.07869	     0.00134
  4900	     0.07315	     0.00127
  4950	     0.07057	     0.00124
# extra	     0.02341
# Tiny Monte Carlo by Scott Prahl (http://omlc.ogi.edu)
# 1 W Point Source Heating in Infinite Isotropic Scattering Medium
# CPU version, adapted for PEAGPGPU by Gustavo Castellano and Nicolas Wolovick
# Scattering =   20.000/cm
# Absorption =    2.000/cm
# Photons    =    32768
#
# 0.148939 seconds
# 220.009580 K photons per second
# Radius	Heat
# [microns]	[W/cm^3]	Error
     0	 20435.79492	   306.75610
    50	  3290.30357	    45.34872
   100	  1331.83902	    17.07694
   150	   738.78278	     8.86685
   200	   476.68081	     5.41504
   250	   344.34375	     3.67790
   300	   257.13865	     2.62260
   350	   204.97935	     1.98229
   400	   158.87822	     1.50954
   450	   132.77582	     1.20685
   500	   112.75032	     0.98606
   550	    93.71090	     0.80461
   600	    81.12347	     0.67536
   650	    70.07631	     0.57147
   700	    60.18604	     0.48519
   750	    53.58365	     0.42075
   800	    46.36415	     0.36080
   850	    41.79660	     0.31799
   900	    37.55783	     0.28112
   950	    32.87906	     0.24744
  1000	    29.75039	     0.21940
  1050	    26.70805	     0.19529
  1100	    23.92676	     0.17509
  1150	    21.78855	     0.15926
  1200	    19.63936	     0.14260
  1250	    17.69181	     0.12871
  1300	    15.96890	     0.11639
  1350	    14.66375	     0.10573
  1400	    13.29904	     0.09689
  1450	    11.97644	     0.08853
  1500	    11.08403	     0.08105
  1550	    10.29015	     0.07474
  1600	     9.44786	     0.06884
  1650	     8.72615	     0.06381
  1700	     7.93366	     0.05899
  1750	     7.10509	     0.05388
  1800	     6.67377	     0.05011
  1850	     6.23015	     0.04692
  1900	     5.63047	     0.04285
  1950	     5.18164	     0.04010
  2000	     4.80969	     0.03754
  2050	     4.40979	     0.03462
  2100	     4.02761	     0.03233
  2150	     3.73706	     0.03020
  2200	     3.41133	     0.02808
  2250	     3.13691	     0.02618
  2300	     2.96880	     0.02476
  2350	     2.68846	     0.02273
  2400	     2.47938	     0.02145
  2450	     2.29597	     0.01995
  2500	     2.15582	     0.01905
  2550	     1.97840	     0.01747
  2600	     1.81981	     0.01634
  2650	     1.74209	     0.01579
  2700	     1.57124	     0.01463
  2750	     1.48254	     0.01387
  2800	     1.36746	     0.01291
  2850	     1.27442	     0.01220
  2900	     1.18661	     0.01152
  2950	     1.11957	     0.01089
  3000	     1.01655	     0.01016
  3050	     0.95273	     0.00963
  3100	     0.88742	     0.00913
  3150	     0.85512	     0.00888
  3200	     0.78573	     0.00819
  3250	     0.73145	     0.00774
  3300	     0.67339	     0.00725
  3350	     0.62443	     0.00683
  3400	     0.57968	     0.00644
  3450	     0.54153	     0.00613
  3500	     0.50853	     0.00581
  3550	     0.47688	     0.00558
  3600	     0.43969	     0.00525
  3650	     0.40382	     0.00489
  3700	     0.38646	     0.00467
  3750	     0.35772	     0.00445
  3800	     0.33662	     0.00414
  3850	     0.31365	     0.00399
  3900	     0.29746	     0.00373
  3950	     0.27072	     0.00351
  4000	     0.25295	     0.00332
  4050	     0.23644	     0.00320
  4100	     0.21739	     0.00297
  4150	     0.20532	     0.00283
  4200	     0.18505	     0.00262
  4250	     0.17812	     0.00249
  4300	     0.16494	     0.00240
  4350	     0.15787	     0.00233
  4400	     0.14368	     0.00215
  4450	     0.13789	     0.00204
  4500	     0.12598	     0.00193
  4550	     0.11851	     0.00184
  4600	     0.10935	     0.00176
  4650	     0.10382	     0.00168
  4700	     0.09563	     0.00156
  4750	     0.09051	     0.00154
  4800	     0.08767	     0.00145
  4850	     0.07869	     0.00134
  4900	     0.07315	     0.00127
  4950	     0.07057	     0.00124
# extra	     0.02341
# Tiny Monte Carlo by Scott Prahl (http://omlc.ogi.edu)
# 1 W Point Source Heating in Infinite Isotropic Scattering Medium
# CPU version, adapted for PEAGPGPU by Gustavo Castellano and Nicolas Wolovick
# Scattering =   20.000/cm
# Absorption =    2.000/cm
# Photons    =    32768
#
# 0.147761 seconds
# 221.763704 K photons per second
# Radius	Heat
# [microns]	[W/cm^3]	Error
     0	 20435.79492	   306.75610
    50	  3290.30357	    45.34872
   100	  1331.83902	    17.07694
   150	   738.78278	     8.86685
   200	   476.68081	     5.41504
   250	   344.34375	     3.67790
   300	   257.13865	     2.62260
   350	   204.97935	     1.98229
   400	   158.87822	     1.50954
   450	   132.77582	     1.20685
   500	   112.75032	     0.98606
   550	    93.71090	     0.80461
   600	    81.12347	     0.67536
   650	    70.07631	     0.57147
   700	    60.18604	     0.48519
   750	    53.58365	     0.42075
   800	    46.36415	     0.36080
   850	    41.79660	     0.31799
   900	    37.55783	     0.28112
   950	    32.87906	     0.24744
  1000	    29.75039	     0.21940
  1050	    26.70805	     0.19529
  1100	    23.92676	     0.17509
  1150	    21.78855	     0.15926
  1200	    19.63936	     0.14260
  1250	    17.69181	     0.12871
  1300	    15.96890	     0.11639
  1350	    14.66375	     0.10573
  1400	    13.29904	     0.09689
  1450	    11.97644	     0.08853
  1500	    11.08403	     0.08105
  1550	    10.29015	     0.07474
  1600	     9.44786	     0.06884
  1650	     8.72615	     0.06381
  1700	     7.93366	     0.05899
  1750	     7.10509	     0.05388
  1800	     6.67377	     0.05011
  1850	     6.23015	     0.04692
  1900	     5.63047	     0.04285
  1950	     5.18164	     0.04010
  2000	     4.80969	     0.03754
  2050	     4.40979	     0.03462
  2100	     4.02761	     0.03233
  2150	     3.73706	     0.03020
  2200	     3.41133	     0.02808
  2250	     3.13691	     0.02618
  2300	     2.96880	     0.02476
  2350	     2.68846	     0.02273
  2400	     2.47938	     0.02145
  2450	     2.29597	     0.01995
  2500	     2.15582	     0.01905
  2550	     1.97840	     0.01747
  2600	     1.81981	     0.01634
  2650	     1.74209	     0.01579
  2700	     1.57124	     0.01463
  2750	     1.48254	     0.01387
  2800	     1.36746	     0.01291
  2850	     1.27442	     0.01220
  2900	     1.18661	     0.01152
  2950	     1.11957	     0.01089
  3000	     1.01655	     0.01016
  3050	     0.95273	     0.00963
  3100	     0.88742	     0.00913
  3150	     0.85512	     0.00888
  3200	     0.78573	     0.00819
  3250	     0.73145	     0.00774
  3300	     0.67339	     0.00725
  3350	     0.62443	     0.00683
  3400	     0.57968	     0.00644
  3450	     0.54153	     0.00613
  3500	     0.50853	     0.00581
  3550	     0.47688	     0.00558
  3600	     0.43969	     0.00525
  3650	     0.40382	     0.00489
  3700	     0.38646	     0.00467
  3750	     0.35772	     0.00445
  3800	     0.33662	     0.00414
  3850	     0.31365	     0.00399
  3900	     0.29746	     0.00373
  3950	     0.27072	     0.00351
  4000	     0.25295	     0.00332
  4050	     0.23644	     0.00320
  4100	     0.21739	     0.00297
  4150	     0.20532	     0.00283
  4200	     0.18505	     0.00262
  4250	     0.17812	     0.00249
  4300	     0.16494	     0.00240
  4350	     0.15787	     0.00233
  4400	     0.14368	     0.00215
  4450	     0.13789	     0.00204
  4500	     0.12598	     0.00193
  4550	     0.11851	     0.00184
  4600	     0.10935	     0.00176
  4650	     0.10382	     0.00168
  4700	     0.09563	     0.00156
  4750	     0.09051	     0.00154
  4800	     0.08767	     0.00145
  4850	     0.07869	     0.00134
  4900	     0.07315	     0.00127
  4950	     0.07057	     0.00124
# extra	     0.02341
# Tiny Monte Carlo by Scott Prahl (http://omlc.ogi.edu)
# 1 W Point Source Heating in Infinite Isotropic Scattering Medium
# CPU version, adapted for PEAGPGPU by Gustavo Castellano and Nicolas Wolovick
# Scattering =   20.000/cm
# Absorption =    2.000/cm
# Photons    =    32768
#
# 0.148796 seconds
# 220.221594 K photons per second
# Radius	Heat
# [microns]	[W/cm^3]	Error
     0	 20435.79492	   306.75610
    50	  3290.30357	    45.34872
   100	  1331.83902	    17.07694
   150	   738.78278	     8.86685
   200	   476.68081	     5.41504
   250	   344.34375	     3.67790
   300	   257.13865	     2.62260
   350	   204.97935	     1.98229
   400	   158.87822	     1.50954
   450	   132.77582	     1.20685
   500	   112.75032	     0.98606
   550	    93.71090	     0.80461
   600	    81.12347	     0.67536
   650	    70.07631	     0.57147
   700	    60.18604	     0.48519
   750	    53.58365	     0.42075
   800	    46.36415	     0.36080
   850	    41.79660	     0.31799
   900	    37.55783	     0.28112
   950	    32.87906	     0.24744
  1000	    29.75039	     0.21940
  1050	    26.70805	     0.19529
  1100	    23.92676	     0.17509
  1150	    21.78855	     0.15926
  1200	    19.63936	     0.14260
  1250	    17.69181	     0.12871
  1300	    15.96890	     0.11639
  1350	    14.66375	     0.10573
  1400	    13.29904	     0.09689
  1450	    11.97644	     0.08853
  1500	    11.08403	     0.08105
  1550	    10.29015	     0.07474
  1600	     9.44786	     0.06884
  1650	     8.72615	     0.06381
  1700	     7.93366	     0.05899
  1750	     7.10509	     0.05388
  1800	     6.67377	     0.05011
  1850	     6.23015	     0.04692
  1900	     5.63047	     0.04285
  1950	     5.18164	     0.04010
  2000	     4.80969	     0.03754
  2050	     4.40979	     0.03462
  2100	     4.02761	     0.03233
  2150	     3.73706	     0.03020
  2200	     3.41133	     0.02808
  2250	     3.13691	     0.02618
  2300	     2.96880	     0.02476
  2350	     2.68846	     0.02273
  2400	     2.47938	     0.02145
  2450	     2.29597	     0.01995
  2500	     2.15582	     0.01905
  2550	     1.97840	     0.01747
  2600	     1.81981	     0.01634
  2650	     1.74209	     0.01579
  2700	     1.57124	     0.01463
  2750	     1.48254	     0.01387
  2800	     1.36746	     0.01291
  2850	     1.27442	     0.01220
  2900	     1.18661	     0.01152
  2950	     1.11957	     0.01089
  3000	     1.01655	     0.01016
  3050	     0.95273	     0.00963
  3100	     0.88742	     0.00913
  3150	     0.85512	     0.00888
  3200	     0.78573	     0.00819
  3250	     0.73145	     0.00774
  3300	     0.67339	     0.00725
  3350	     0.62443	     0.00683
  3400	     0.57968	     0.00644
  3450	     0.54153	     0.00613
  3500	     0.50853	     0.00581
  3550	     0.47688	     0.00558
  3600	     0.43969	     0.00525
  3650	     0.40382	     0.00489
  3700	     0.38646	     0.00467
  3750	     0.35772	     0.00445
  3800	     0.33662	     0.00414
  3850	     0.31365	     0.00399
  3900	     0.29746	     0.00373
  3950	     0.27072	     0.00351
  4000	     0.25295	     0.00332
  4050	     0.23644	     0.00320
  4100	     0.21739	     0.00297
  4150	     0.20532	     0.00283
  4200	     0.18505	     0.00262
  4250	     0.17812	     0.00249
  4300	     0.16494	     0.00240
  4350	     0.15787	     0.00233
  4400	     0.14368	     0.00215
  4450	     0.13789	     0.00204
  4500	     0.12598	     0.00193
  4550	     0.11851	     0.00184
  4600	     0.10935	     0.00176
  4650	     0.10382	     0.00168
  4700	     0.09563	     0.00156
  4750	     0.09051	     0.00154
  4800	     0.08767	     0.00145
  4850	     0.07869	     0.00134
  4900	     0.07315	     0.00127
  4950	     0.07057	     0.00124
# extra	     0.02341
# Tiny Monte Carlo by Scott Prahl (http://omlc.ogi.edu)
# 1 W Point Source Heating in Infinite Isotropic Scattering Medium
# CPU version, adapted for PEAGPGPU by Gustavo Castellano and Nicolas Wolovick
# Scattering =   20.000/cm
# Absorption =    2.000/cm
# Photons    =    32768
#
# 0.150861 seconds
# 217.207254 K photons per second
# Radius	Heat
# [microns]	[W/cm^3]	Error
     0	 20435.79492	   306.75610
    50	  3290.30357	    45.34872
   100	  1331.83902	    17.07694
   150	   738.78278	     8.86685
   200	   476.68081	     5.41504
   250	   344.34375	     3.67790
   300	   257.13865	     2.62260
   350	   204.97935	     1.98229
   400	   158.87822	     1.50954
   450	   132.77582	     1.20685
   500	   112.75032	     0.98606
   550	    93.71090	     0.80461
   600	    81.12347	     0.67536
   650	    70.07631	     0.57147
   700	    60.18604	     0.48519
   750	    53.58365	     0.42075
   800	    46.36415	     0.36080
   850	    41.79660	     0.31799
   900	    37.55783	     0.28112
   950	    32.87906	     0.24744
  1000	    29.75039	     0.21940
  1050	    26.70805	     0.19529
  1100	    23.92676	     0.17509
  1150	    21.78855	     0.15926
  1200	    19.63936	     0.14260
  1250	    17.69181	     0.12871
  1300	    15.96890	     0.11639
  1350	    14.66375	     0.10573
  1400	    13.29904	     0.09689
  1450	    11.97644	     0.08853
  1500	    11.08403	     0.08105
  1550	    10.29015	     0.07474
  1600	     9.44786	     0.06884
  1650	     8.72615	     0.06381
  1700	     7.93366	     0.05899
  1750	     7.10509	     0.05388
  1800	     6.67377	     0.05011
  1850	     6.23015	     0.04692
  1900	     5.63047	     0.04285
  1950	     5.18164	     0.04010
  2000	     4.80969	     0.03754
  2050	     4.40979	     0.03462
  2100	     4.02761	     0.03233
  2150	     3.73706	     0.03020
  2200	     3.41133	     0.02808
  2250	     3.13691	     0.02618
  2300	     2.96880	     0.02476
  2350	     2.68846	     0.02273
  2400	     2.47938	     0.02145
  2450	     2.29597	     0.01995
  2500	     2.15582	     0.01905
  2550	     1.97840	     0.01747
  2600	     1.81981	     0.01634
  2650	     1.74209	     0.01579
  2700	     1.57124	     0.01463
  2750	     1.48254	     0.01387
  2800	     1.36746	     0.01291
  2850	     1.27442	     0.01220
  2900	     1.18661	     0.01152
  2950	     1.11957	     0.01089
  3000	     1.01655	     0.01016
  3050	     0.95273	     0.00963
  3100	     0.88742	     0.00913
  3150	     0.85512	     0.00888
  3200	     0.78573	     0.00819
  3250	     0.73145	     0.00774
  3300	     0.67339	     0.00725
  3350	     0.62443	     0.00683
  3400	     0.57968	     0.00644
  3450	     0.54153	     0.00613
  3500	     0.50853	     0.00581
  3550	     0.47688	     0.00558
  3600	     0.43969	     0.00525
  3650	     0.40382	     0.00489
  3700	     0.38646	     0.00467
  3750	     0.35772	     0.00445
  3800	     0.33662	     0.00414
  3850	     0.31365	     0.00399
  3900	     0.29746	     0.00373
  3950	     0.27072	     0.00351
  4000	     0.25295	     0.00332
  4050	     0.23644	     0.00320
  4100	     0.21739	     0.00297
  4150	     0.20532	     0.00283
  4200	     0.18505	     0.00262
  4250	     0.17812	     0.00249
  4300	     0.16494	     0.00240
  4350	     0.15787	     0.00233
  4400	     0.14368	     0.00215
  4450	     0.13789	     0.00204
  4500	     0.12598	     0.00193
  4550	     0.11851	     0.00184
  4600	     0.10935	     0.00176
  4650	     0.10382	     0.00168
  4700	     0.09563	     0.00156
  4750	     0.09051	     0.00154
  4800	     0.08767	     0.00145
  4850	     0.07869	     0.00134
  4900	     0.07315	     0.00127
  4950	     0.07057	     0.00124
# extra	     0.02341
# Tiny Monte Carlo by Scott Prahl (http://omlc.ogi.edu)
# 1 W Point Source Heating in Infinite Isotropic Scattering Medium
# CPU version, adapted for PEAGPGPU by Gustavo Castellano and Nicolas Wolovick
# Scattering =   20.000/cm
# Absorption =    2.000/cm
# Photons    =    32768
#
# 0.147183 seconds
# 222.634778 K photons per second
# Radius	Heat
# [microns]	[W/cm^3]	Error
     0	 20435.79492	   306.75610
    50	  3290.30357	    45.34872
   100	  1331.83902	    17.07694
   150	   738.78278	     8.86685
   200	   476.68081	     5.41504
   250	   344.34375	     3.67790
   300	   257.13865	     2.62260
   350	   204.97935	     1.98229
   400	   158.87822	     1.50954
   450	   132.77582	     1.20685
   500	   112.75032	     0.98606
   550	    93.71090	     0.80461
   600	    81.12347	     0.67536
   650	    70.07631	     0.57147
   700	    60.18604	     0.48519
   750	    53.58365	     0.42075
   800	    46.36415	     0.36080
   850	    41.79660	     0.31799
   900	    37.55783	     0.28112
   950	    32.87906	     0.24744
  1000	    29.75039	     0.21940
  1050	    26.70805	     0.19529
  1100	    23.92676	     0.17509
  1150	    21.78855	     0.15926
  1200	    19.63936	     0.14260
  1250	    17.69181	     0.12871
  1300	    15.96890	     0.11639
  1350	    14.66375	     0.10573
  1400	    13.29904	     0.09689
  1450	    11.97644	     0.08853
  1500	    11.08403	     0.08105
  1550	    10.29015	     0.07474
  1600	     9.44786	     0.06884
  1650	     8.72615	     0.06381
  1700	     7.93366	     0.05899
  1750	     7.10509	     0.05388
  1800	     6.67377	     0.05011
  1850	     6.23015	     0.04692
  1900	     5.63047	     0.04285
  1950	     5.18164	     0.04010
  2000	     4.80969	     0.03754
  2050	     4.40979	     0.03462
  2100	     4.02761	     0.03233
  2150	     3.73706	     0.03020
  2200	     3.41133	     0.02808
  2250	     3.13691	     0.02618
  2300	     2.96880	     0.02476
  2350	     2.68846	     0.02273
  2400	     2.47938	     0.02145
  2450	     2.29597	     0.01995
  2500	     2.15582	     0.01905
  2550	     1.97840	     0.01747
  2600	     1.81981	     0.01634
  2650	     1.74209	     0.01579
  2700	     1.57124	     0.01463
  2750	     1.48254	     0.01387
  2800	     1.36746	     0.01291
  2850	     1.27442	     0.01220
  2900	     1.18661	     0.01152
  2950	     1.11957	     0.01089
  3000	     1.01655	     0.01016
  3050	     0.95273	     0.00963
  3100	     0.88742	     0.00913
  3150	     0.85512	     0.00888
  3200	     0.78573	     0.00819
  3250	     0.73145	     0.00774
  3300	     0.67339	     0.00725
  3350	     0.62443	     0.00683
  3400	     0.57968	     0.00644
  3450	     0.54153	     0.00613
  3500	     0.50853	     0.00581
  3550	     0.47688	     0.00558
  3600	     0.43969	     0.00525
  3650	     0.40382	     0.00489
  3700	     0.38646	     0.00467
  3750	     0.35772	     0.00445
  3800	     0.33662	     0.00414
  3850	     0.31365	     0.00399
  3900	     0.29746	     0.00373
  3950	     0.27072	     0.00351
  4000	     0.25295	     0.00332
  4050	     0.23644	     0.00320
  4100	     0.21739	     0.00297
  4150	     0.20532	     0.00283
  4200	     0.18505	     0.00262
  4250	     0.17812	     0.00249
  4300	     0.16494	     0.00240
  4350	     0.15787	     0.00233
  4400	     0.14368	     0.00215
  4450	     0.13789	     0.00204
  4500	     0.12598	     0.00193
  4550	     0.11851	     0.00184
  4600	     0.10935	     0.00176
  4650	     0.10382	     0.00168
  4700	     0.09563	     0.00156
  4750	     0.09051	     0.00154
  4800	     0.08767	     0.00145
  4850	     0.07869	     0.00134
  4900	     0.07315	     0.00127
  4950	     0.07057	     0.00124
# extra	     0.02341
# Tiny Monte Carlo by Scott Prahl (http://omlc.ogi.edu)
# 1 W Point Source Heating in Infinite Isotropic Scattering Medium
# CPU version, adapted for PEAGPGPU by Gustavo Castellano and Nicolas Wolovick
# Scattering =   20.000/cm
# Absorption =    2.000/cm
# Photons    =    32768
#
# 0.148276 seconds
# 220.992752 K photons per second
# Radius	Heat
# [microns]	[W/cm^3]	Error
     0	 20435.79492	   306.75610
    50	  3290.30357	    45.34872
   100	  1331.83902	    17.07694
   150	   738.78278	     8.86685
   200	   476.68081	     5.41504
   250	   344.34375	     3.67790
   300	   257.13865	     2.62260
   350	   204.97935	     1.98229
   400	   158.87822	     1.50954
   450	   132.77582	     1.20685
   500	   112.75032	     0.98606
   550	    93.71090	     0.80461
   600	    81.12347	     0.67536
   650	    70.07631	     0.57147
   700	    60.18604	     0.48519
   750	    53.58365	     0.42075
   800	    46.36415	     0.36080
   850	    41.79660	     0.31799
   900	    37.55783	     0.28112
   950	    32.87906	     0.24744
  1000	    29.75039	     0.21940
  1050	    26.70805	     0.19529
  1100	    23.92676	     0.17509
  1150	    21.78855	     0.15926
  1200	    19.63936	     0.14260
  1250	    17.69181	     0.12871
  1300	    15.96890	     0.11639
  1350	    14.66375	     0.10573
  1400	    13.29904	     0.09689
  1450	    11.97644	     0.08853
  1500	    11.08403	     0.08105
  1550	    10.29015	     0.07474
  1600	     9.44786	     0.06884
  1650	     8.72615	     0.06381
  1700	     7.93366	     0.05899
  1750	     7.10509	     0.05388
  1800	     6.67377	     0.05011
  1850	     6.23015	     0.04692
  1900	     5.63047	     0.04285
  1950	     5.18164	     0.04010
  2000	     4.80969	     0.03754
  2050	     4.40979	     0.03462
  2100	     4.02761	     0.03233
  2150	     3.73706	     0.03020
  2200	     3.41133	     0.02808
  2250	     3.13691	     0.02618
  2300	     2.96880	     0.02476
  2350	     2.68846	     0.02273
  2400	     2.47938	     0.02145
  2450	     2.29597	     0.01995
  2500	     2.15582	     0.01905
  2550	     1.97840	     0.01747
  2600	     1.81981	     0.01634
  2650	     1.74209	     0.01579
  2700	     1.57124	     0.01463
  2750	     1.48254	     0.01387
  2800	     1.36746	     0.01291
  2850	     1.27442	     0.01220
  2900	     1.18661	     0.01152
  2950	     1.11957	     0.01089
  3000	     1.01655	     0.01016
  3050	     0.95273	     0.00963
  3100	     0.88742	     0.00913
  3150	     0.85512	     0.00888
  3200	     0.78573	     0.00819
  3250	     0.73145	     0.00774
  3300	     0.67339	     0.00725
  3350	     0.62443	     0.00683
  3400	     0.57968	     0.00644
  3450	     0.54153	     0.00613
  3500	     0.50853	     0.00581
  3550	     0.47688	     0.00558
  3600	     0.43969	     0.00525
  3650	     0.40382	     0.00489
  3700	     0.38646	     0.00467
  3750	     0.35772	     0.00445
  3800	     0.33662	     0.00414
  3850	     0.31365	     0.00399
  3900	     0.29746	     0.00373
  3950	     0.27072	     0.00351
  4000	     0.25295	     0.00332
  4050	     0.23644	     0.00320
  4100	     0.21739	     0.00297
  4150	     0.20532	     0.00283
  4200	     0.18505	     0.00262
  4250	     0.17812	     0.00249
  4300	     0.16494	     0.00240
  4350	     0.15787	     0.00233
  4400	     0.14368	     0.00215
  4450	     0.13789	     0.00204
  4500	     0.12598	     0.00193
  4550	     0.11851	     0.00184
  4600	     0.10935	     0.00176
  4650	     0.10382	     0.00168
  4700	     0.09563	     0.00156
  4750	     0.09051	     0.00154
  4800	     0.08767	     0.00145
  4850	     0.07869	     0.00134
  4900	     0.07315	     0.00127
  4950	     0.07057	     0.00124
# extra	     0.02341
# Tiny Monte Carlo by Scott Prahl (http://omlc.ogi.edu)
# 1 W Point Source Heating in Infinite Isotropic Scattering Medium
# CPU version, adapted for PEAGPGPU by Gustavo Castellano and Nicolas Wolovick
# Scattering =   20.000/cm
# Absorption =    2.000/cm
# Photons    =    32768
#
# 0.147929 seconds
# 221.511140 K photons per second
# Radius	Heat
# [microns]	[W/cm^3]	Error
     0	 20519.44336	   307.40961
    50	  3314.04074	    45.53433
   100	  1350.47908	    17.14752
   150	   748.35090	     8.93011
   200	   482.25821	     5.43956
   250	   337.17596	     3.64583
   300	   258.95787	     2.62999
   350	   203.87364	     1.98068
   400	   158.70043	     1.51310
   450	   136.33259	     1.21620
   500	   111.90198	     0.98349
   550	    93.30687	     0.80460
   600	    81.80819	     0.67889
   650	    68.82400	     0.56690
   700	    60.57883	     0.48600
   750	    52.91678	     0.41771
   800	    46.60730	     0.36363
   850	    41.40719	     0.31708
   900	    36.73596	     0.27789
   950	    33.25739	     0.24728
  1000	    29.50352	     0.21950
  1050	    26.50990	     0.19577
  1100	    23.72826	     0.17506
  1150	    21.33195	     0.15661
  1200	    19.10477	     0.14000
  1250	    17.61444	     0.12841
  1300	    15.98001	     0.11685
  1350	    14.41408	     0.10619
  1400	    13.01360	     0.09587
  1450	    11.90583	     0.08855
  1500	    10.94570	     0.08051
  1550	    10.22520	     0.07460
  1600	     9.30564	     0.06832
  1650	     8.45095	     0.06295
  1700	     7.80389	     0.05828
  1750	     7.22409	     0.05441
  1800	     6.71688	     0.05051
  1850	     6.23744	     0.04678
  1900	     5.60199	     0.04301
  1950	     5.12418	     0.03983
  2000	     4.76857	     0.03743
  2050	     4.35213	     0.03460
  2100	     4.10160	     0.03287
  2150	     3.75979	     0.03026
  2200	     3.49515	     0.02854
  2250	     3.18996	     0.02641
  2300	     2.96090	     0.02489
  2350	     2.71010	     0.02318
  2400	     2.48446	     0.02168
  2450	     2.33253	     0.02032
  2500	     2.14478	     0.01878
  2550	     2.03520	     0.01793
  2600	     1.84448	     0.01670
  2650	     1.77296	     0.01604
  2700	     1.56733	     0.01459
  2750	     1.47485	     0.01381
  2800	     1.40519	     0.01328
  2850	     1.28839	     0.01239
  2900	     1.18140	     0.01161
  2950	     1.13288	     0.01110
  3000	     1.01403	     0.01028
  3050	     0.96659	     0.00997
  3100	     0.88872	     0.00922
  3150	     0.85627	     0.00887
  3200	     0.79607	     0.00829
  3250	     0.72319	     0.00781
  3300	     0.67404	     0.00737
  3350	     0.62788	     0.00690
  3400	     0.58538	     0.00657
  3450	     0.55451	     0.00631
  3500	     0.51092	     0.00588
  3550	     0.47101	     0.00555
  3600	     0.44477	     0.00526
  3650	     0.42013	     0.00507
  3700	     0.38723	     0.00471
  3750	     0.36838	     0.00452
  3800	     0.33270	     0.00414
  3850	     0.31663	     0.00401
  3900	     0.29529	     0.00373
  3950	     0.26815	     0.00346
  4000	     0.25024	     0.00328
  4050	     0.24156	     0.00316
  4100	     0.22322	     0.00302
  4150	     0.20463	     0.00278
  4200	     0.19651	     0.00274
  4250	     0.18350	     0.00263
  4300	     0.16945	     0.00244
  4350	     0.15824	     0.00228
  4400	     0.15106	     0.00223
  4450	     0.14362	     0.00212
  4500	     0.13234	     0.00201
  4550	     0.12554	     0.00194
  4600	     0.11770	     0.00182
  4650	     0.10895	     0.00175
  4700	     0.09872	     0.00158
  4750	     0.09794	     0.00157
  4800	     0.08826	     0.00143
  4850	     0.08421	     0.00142
  4900	     0.07542	     0.00127
  4950	     0.07101	     0.00123
# extra	     0.02379
# Tiny Monte Carlo by Scott Prahl (http://omlc.ogi.edu)
# 1 W Point Source Heating in Infinite Isotropic Scattering Medium
# CPU version, adapted for PEAGPGPU by Gustavo Castellano and Nicolas Wolovick
# Scattering =   20.000/cm
# Absorption =    2.000/cm
# Photons    =    32768
#
# 0.148334 seconds
# 220.906478 K photons per second
# Radius	Heat
# [microns]	[W/cm^3]	Error
     0	 20519.44336	   307.40961
    50	  3314.04074	    45.53433
   100	  1350.47908	    17.14752
   150	   748.35090	     8.93011
   200	   482.25821	     5.43956
   250	   337.17596	     3.64583
   300	   258.95787	     2.62999
   350	   203.87364	     1.98068
   400	   158.70043	     1.51310
   450	   136.33259	     1.21620
   500	   111.90198	     0.98349
   550	    93.30687	     0.80460
   600	    81.80819	     0.67889
   650	    68.82400	     0.56690
   700	    60.57883	     0.48600
   750	    52.91678	     0.41771
   800	    46.60730	     0.36363
   850	    41.40719	     0.31708
   900	    36.73596	     0.27789
   950	    33.25739	     0.24728
  1000	    29.50352	     0.21950
  1050	    26.50990	     0.19577
  1100	    23.72826	     0.17506
  1150	    21.33195	     0.15661
  1200	    19.10477	     0.14000
  1250	    17.61444	     0.12841
  1300	    15.98001	     0.11685
  1350	    14.41408	     0.10619
  1400	    13.01360	     0.09587
  1450	    11.90583	     0.08855
  1500	    10.94570	     0.08051
  1550	    10.22520	     0.07460
  1600	     9.30564	     0.06832
  1650	     8.45095	     0.06295
  1700	     7.80389	     0.05828
  1750	     7.22409	     0.05441
  1800	     6.71688	     0.05051
  1850	     6.23744	     0.04678
  1900	     5.60199	     0.04301
  1950	     5.12418	     0.03983
  2000	     4.76857	     0.03743
  2050	     4.35213	     0.03460
  2100	     4.10160	     0.03287
  2150	     3.75979	     0.03026
  2200	     3.49515	     0.02854
  2250	     3.18996	     0.02641
  2300	     2.96090	     0.02489
  2350	     2.71010	     0.02318
  2400	     2.48446	     0.02168
  2450	     2.33253	     0.02032
  2500	     2.14478	     0.01878
  2550	     2.03520	     0.01793
  2600	     1.84448	     0.01670
  2650	     1.77296	     0.01604
  2700	     1.56733	     0.01459
  2750	     1.47485	     0.01381
  2800	     1.40519	     0.01328
  2850	     1.28839	     0.01239
  2900	     1.18140	     0.01161
  2950	     1.13288	     0.01110
  3000	     1.01403	     0.01028
  3050	     0.96659	     0.00997
  3100	     0.88872	     0.00922
  3150	     0.85627	     0.00887
  3200	     0.79607	     0.00829
  3250	     0.72319	     0.00781
  3300	     0.67404	     0.00737
  3350	     0.62788	     0.00690
  3400	     0.58538	     0.00657
  3450	     0.55451	     0.00631
  3500	     0.51092	     0.00588
  3550	     0.47101	     0.00555
  3600	     0.44477	     0.00526
  3650	     0.42013	     0.00507
  3700	     0.38723	     0.00471
  3750	     0.36838	     0.00452
  3800	     0.33270	     0.00414
  3850	     0.31663	     0.00401
  3900	     0.29529	     0.00373
  3950	     0.26815	     0.00346
  4000	     0.25024	     0.00328
  4050	     0.24156	     0.00316
  4100	     0.22322	     0.00302
  4150	     0.20463	     0.00278
  4200	     0.19651	     0.00274
  4250	     0.18350	     0.00263
  4300	     0.16945	     0.00244
  4350	     0.15824	     0.00228
  4400	     0.15106	     0.00223
  4450	     0.14362	     0.00212
  4500	     0.13234	     0.00201
  4550	     0.12554	     0.00194
  4600	     0.11770	     0.00182
  4650	     0.10895	     0.00175
  4700	     0.09872	     0.00158
  4750	     0.09794	     0.00157
  4800	     0.08826	     0.00143
  4850	     0.08421	     0.00142
  4900	     0.07542	     0.00127
  4950	     0.07101	     0.00123
# extra	     0.02379
