# Tiny Monte Carlo by Scott Prahl (http://omlc.ogi.edu)
# 1 W Point Source Heating in Infinite Isotropic Scattering Medium
# CPU version, adapted for PEAGPGPU by Gustavo Castellano and Nicolas Wolovick
# Scattering =   20.000/cm
# Absorption =    2.000/cm
# Photons    =    32768
#
# 0.190995 seconds
# 171.564535 K photons per second
# Radius	Heat
# [microns]	[W/cm^3]	Error
     0	 20181.24316	   305.03214
    50	  3272.93764	    45.25830
   100	  1352.28284	    17.17325
   150	   738.07388	     8.87123
   200	   486.10398	     5.46758
   250	   346.02117	     3.68354
   300	   258.25987	     2.63654
   350	   199.58203	     1.96278
   400	   161.36929	     1.52242
   450	   132.95423	     1.21024
   500	   111.01113	     0.98224
   550	    94.12047	     0.80628
   600	    81.46207	     0.67733
   650	    69.34126	     0.56963
   700	    60.02937	     0.48646
   750	    53.42849	     0.41989
   800	    46.01568	     0.36272
   850	    40.69693	     0.31613
   900	    36.41617	     0.27825
   950	    32.82634	     0.24646
  1000	    29.07196	     0.21853
  1050	    26.67616	     0.19718
  1100	    23.89132	     0.17551
  1150	    21.48238	     0.15695
  1200	    19.42204	     0.14151
  1250	    17.46191	     0.12786
  1300	    16.00751	     0.11576
  1350	    14.80066	     0.10656
  1400	    13.35894	     0.09707
  1450	    12.16903	     0.08905
  1500	    11.24568	     0.08210
  1550	    10.14045	     0.07433
  1600	     9.33456	     0.06835
  1650	     8.73026	     0.06326
  1700	     7.83860	     0.05826
  1750	     7.21386	     0.05363
  1800	     6.67162	     0.04974
  1850	     6.08973	     0.04631
  1900	     5.59772	     0.04324
  1950	     5.22371	     0.04034
  2000	     4.81308	     0.03742
  2050	     4.40842	     0.03466
  2100	     4.00125	     0.03216
  2150	     3.83518	     0.03083
  2200	     3.39578	     0.02799
  2250	     3.14585	     0.02615
  2300	     2.93372	     0.02423
  2350	     2.72665	     0.02293
  2400	     2.52605	     0.02177
  2450	     2.30108	     0.02011
  2500	     2.16032	     0.01888
  2550	     2.03811	     0.01790
  2600	     1.87067	     0.01682
  2650	     1.73897	     0.01600
  2700	     1.61638	     0.01496
  2750	     1.45898	     0.01377
  2800	     1.39937	     0.01319
  2850	     1.27248	     0.01223
  2900	     1.21175	     0.01169
  2950	     1.10555	     0.01094
  3000	     1.02762	     0.01031
  3050	     0.94450	     0.00969
  3100	     0.89450	     0.00922
  3150	     0.82061	     0.00862
  3200	     0.77296	     0.00812
  3250	     0.72983	     0.00778
  3300	     0.68408	     0.00735
  3350	     0.63879	     0.00690
  3400	     0.58544	     0.00649
  3450	     0.54471	     0.00614
  3500	     0.52890	     0.00610
  3550	     0.48859	     0.00564
  3600	     0.44998	     0.00530
  3650	     0.41074	     0.00501
  3700	     0.38423	     0.00473
  3750	     0.35902	     0.00448
  3800	     0.33423	     0.00416
  3850	     0.31538	     0.00405
  3900	     0.30410	     0.00388
  3950	     0.26481	     0.00345
  4000	     0.25717	     0.00339
  4050	     0.24349	     0.00326
  4100	     0.22247	     0.00308
  4150	     0.20670	     0.00290
  4200	     0.19333	     0.00274
  4250	     0.18363	     0.00264
  4300	     0.16776	     0.00246
  4350	     0.16277	     0.00240
  4400	     0.14830	     0.00217
  4450	     0.13877	     0.00206
  4500	     0.13342	     0.00204
  4550	     0.12175	     0.00190
  4600	     0.11757	     0.00185
  4650	     0.10693	     0.00172
  4700	     0.09626	     0.00161
  4750	     0.09235	     0.00155
  4800	     0.08752	     0.00151
  4850	     0.08147	     0.00143
  4900	     0.07682	     0.00133
  4950	     0.07388	     0.00132
# extra	     0.02345
# Tiny Monte Carlo by Scott Prahl (http://omlc.ogi.edu)
# 1 W Point Source Heating in Infinite Isotropic Scattering Medium
# CPU version, adapted for PEAGPGPU by Gustavo Castellano and Nicolas Wolovick
# Scattering =   20.000/cm
# Absorption =    2.000/cm
# Photons    =    32768
#
# 0.189024 seconds
# 173.353855 K photons per second
# Radius	Heat
# [microns]	[W/cm^3]	Error
     0	 20181.24316	   305.03214
    50	  3272.93764	    45.25830
   100	  1352.28284	    17.17325
   150	   738.07388	     8.87123
   200	   486.10398	     5.46758
   250	   346.02117	     3.68354
   300	   258.25987	     2.63654
   350	   199.58203	     1.96278
   400	   161.36929	     1.52242
   450	   132.95423	     1.21024
   500	   111.01113	     0.98224
   550	    94.12047	     0.80628
   600	    81.46207	     0.67733
   650	    69.34126	     0.56963
   700	    60.02937	     0.48646
   750	    53.42849	     0.41989
   800	    46.01568	     0.36272
   850	    40.69693	     0.31613
   900	    36.41617	     0.27825
   950	    32.82634	     0.24646
  1000	    29.07196	     0.21853
  1050	    26.67616	     0.19718
  1100	    23.89132	     0.17551
  1150	    21.48238	     0.15695
  1200	    19.42204	     0.14151
  1250	    17.46191	     0.12786
  1300	    16.00751	     0.11576
  1350	    14.80066	     0.10656
  1400	    13.35894	     0.09707
  1450	    12.16903	     0.08905
  1500	    11.24568	     0.08210
  1550	    10.14045	     0.07433
  1600	     9.33456	     0.06835
  1650	     8.73026	     0.06326
  1700	     7.83860	     0.05826
  1750	     7.21386	     0.05363
  1800	     6.67162	     0.04974
  1850	     6.08973	     0.04631
  1900	     5.59772	     0.04324
  1950	     5.22371	     0.04034
  2000	     4.81308	     0.03742
  2050	     4.40842	     0.03466
  2100	     4.00125	     0.03216
  2150	     3.83518	     0.03083
  2200	     3.39578	     0.02799
  2250	     3.14585	     0.02615
  2300	     2.93372	     0.02423
  2350	     2.72665	     0.02293
  2400	     2.52605	     0.02177
  2450	     2.30108	     0.02011
  2500	     2.16032	     0.01888
  2550	     2.03811	     0.01790
  2600	     1.87067	     0.01682
  2650	     1.73897	     0.01600
  2700	     1.61638	     0.01496
  2750	     1.45898	     0.01377
  2800	     1.39937	     0.01319
  2850	     1.27248	     0.01223
  2900	     1.21175	     0.01169
  2950	     1.10555	     0.01094
  3000	     1.02762	     0.01031
  3050	     0.94450	     0.00969
  3100	     0.89450	     0.00922
  3150	     0.82061	     0.00862
  3200	     0.77296	     0.00812
  3250	     0.72983	     0.00778
  3300	     0.68408	     0.00735
  3350	     0.63879	     0.00690
  3400	     0.58544	     0.00649
  3450	     0.54471	     0.00614
  3500	     0.52890	     0.00610
  3550	     0.48859	     0.00564
  3600	     0.44998	     0.00530
  3650	     0.41074	     0.00501
  3700	     0.38423	     0.00473
  3750	     0.35902	     0.00448
  3800	     0.33423	     0.00416
  3850	     0.31538	     0.00405
  3900	     0.30410	     0.00388
  3950	     0.26481	     0.00345
  4000	     0.25717	     0.00339
  4050	     0.24349	     0.00326
  4100	     0.22247	     0.00308
  4150	     0.20670	     0.00290
  4200	     0.19333	     0.00274
  4250	     0.18363	     0.00264
  4300	     0.16776	     0.00246
  4350	     0.16277	     0.00240
  4400	     0.14830	     0.00217
  4450	     0.13877	     0.00206
  4500	     0.13342	     0.00204
  4550	     0.12175	     0.00190
  4600	     0.11757	     0.00185
  4650	     0.10693	     0.00172
  4700	     0.09626	     0.00161
  4750	     0.09235	     0.00155
  4800	     0.08752	     0.00151
  4850	     0.08147	     0.00143
  4900	     0.07682	     0.00133
  4950	     0.07388	     0.00132
# extra	     0.02345
# Tiny Monte Carlo by Scott Prahl (http://omlc.ogi.edu)
# 1 W Point Source Heating in Infinite Isotropic Scattering Medium
# CPU version, adapted for PEAGPGPU by Gustavo Castellano and Nicolas Wolovick
# Scattering =   20.000/cm
# Absorption =    2.000/cm
# Photons    =    32768
#
# 0.189405 seconds
# 173.005335 K photons per second
# Radius	Heat
# [microns]	[W/cm^3]	Error
     0	 20181.24316	   305.03214
    50	  3272.93764	    45.25830
   100	  1352.28284	    17.17325
   150	   738.07388	     8.87123
   200	   486.10398	     5.46758
   250	   346.02117	     3.68354
   300	   258.25987	     2.63654
   350	   199.58203	     1.96278
   400	   161.36929	     1.52242
   450	   132.95423	     1.21024
   500	   111.01113	     0.98224
   550	    94.12047	     0.80628
   600	    81.46207	     0.67733
   650	    69.34126	     0.56963
   700	    60.02937	     0.48646
   750	    53.42849	     0.41989
   800	    46.01568	     0.36272
   850	    40.69693	     0.31613
   900	    36.41617	     0.27825
   950	    32.82634	     0.24646
  1000	    29.07196	     0.21853
  1050	    26.67616	     0.19718
  1100	    23.89132	     0.17551
  1150	    21.48238	     0.15695
  1200	    19.42204	     0.14151
  1250	    17.46191	     0.12786
  1300	    16.00751	     0.11576
  1350	    14.80066	     0.10656
  1400	    13.35894	     0.09707
  1450	    12.16903	     0.08905
  1500	    11.24568	     0.08210
  1550	    10.14045	     0.07433
  1600	     9.33456	     0.06835
  1650	     8.73026	     0.06326
  1700	     7.83860	     0.05826
  1750	     7.21386	     0.05363
  1800	     6.67162	     0.04974
  1850	     6.08973	     0.04631
  1900	     5.59772	     0.04324
  1950	     5.22371	     0.04034
  2000	     4.81308	     0.03742
  2050	     4.40842	     0.03466
  2100	     4.00125	     0.03216
  2150	     3.83518	     0.03083
  2200	     3.39578	     0.02799
  2250	     3.14585	     0.02615
  2300	     2.93372	     0.02423
  2350	     2.72665	     0.02293
  2400	     2.52605	     0.02177
  2450	     2.30108	     0.02011
  2500	     2.16032	     0.01888
  2550	     2.03811	     0.01790
  2600	     1.87067	     0.01682
  2650	     1.73897	     0.01600
  2700	     1.61638	     0.01496
  2750	     1.45898	     0.01377
  2800	     1.39937	     0.01319
  2850	     1.27248	     0.01223
  2900	     1.21175	     0.01169
  2950	     1.10555	     0.01094
  3000	     1.02762	     0.01031
  3050	     0.94450	     0.00969
  3100	     0.89450	     0.00922
  3150	     0.82061	     0.00862
  3200	     0.77296	     0.00812
  3250	     0.72983	     0.00778
  3300	     0.68408	     0.00735
  3350	     0.63879	     0.00690
  3400	     0.58544	     0.00649
  3450	     0.54471	     0.00614
  3500	     0.52890	     0.00610
  3550	     0.48859	     0.00564
  3600	     0.44998	     0.00530
  3650	     0.41074	     0.00501
  3700	     0.38423	     0.00473
  3750	     0.35902	     0.00448
  3800	     0.33423	     0.00416
  3850	     0.31538	     0.00405
  3900	     0.30410	     0.00388
  3950	     0.26481	     0.00345
  4000	     0.25717	     0.00339
  4050	     0.24349	     0.00326
  4100	     0.22247	     0.00308
  4150	     0.20670	     0.00290
  4200	     0.19333	     0.00274
  4250	     0.18363	     0.00264
  4300	     0.16776	     0.00246
  4350	     0.16277	     0.00240
  4400	     0.14830	     0.00217
  4450	     0.13877	     0.00206
  4500	     0.13342	     0.00204
  4550	     0.12175	     0.00190
  4600	     0.11757	     0.00185
  4650	     0.10693	     0.00172
  4700	     0.09626	     0.00161
  4750	     0.09235	     0.00155
  4800	     0.08752	     0.00151
  4850	     0.08147	     0.00143
  4900	     0.07682	     0.00133
  4950	     0.07388	     0.00132
# extra	     0.02345
# Tiny Monte Carlo by Scott Prahl (http://omlc.ogi.edu)
# 1 W Point Source Heating in Infinite Isotropic Scattering Medium
# CPU version, adapted for PEAGPGPU by Gustavo Castellano and Nicolas Wolovick
# Scattering =   20.000/cm
# Absorption =    2.000/cm
# Photons    =    32768
#
# 0.189633 seconds
# 172.796542 K photons per second
# Radius	Heat
# [microns]	[W/cm^3]	Error
     0	 20181.24316	   305.03214
    50	  3272.93764	    45.25830
   100	  1352.28284	    17.17325
   150	   738.07388	     8.87123
   200	   486.10398	     5.46758
   250	   346.02117	     3.68354
   300	   258.25987	     2.63654
   350	   199.58203	     1.96278
   400	   161.36929	     1.52242
   450	   132.95423	     1.21024
   500	   111.01113	     0.98224
   550	    94.12047	     0.80628
   600	    81.46207	     0.67733
   650	    69.34126	     0.56963
   700	    60.02937	     0.48646
   750	    53.42849	     0.41989
   800	    46.01568	     0.36272
   850	    40.69693	     0.31613
   900	    36.41617	     0.27825
   950	    32.82634	     0.24646
  1000	    29.07196	     0.21853
  1050	    26.67616	     0.19718
  1100	    23.89132	     0.17551
  1150	    21.48238	     0.15695
  1200	    19.42204	     0.14151
  1250	    17.46191	     0.12786
  1300	    16.00751	     0.11576
  1350	    14.80066	     0.10656
  1400	    13.35894	     0.09707
  1450	    12.16903	     0.08905
  1500	    11.24568	     0.08210
  1550	    10.14045	     0.07433
  1600	     9.33456	     0.06835
  1650	     8.73026	     0.06326
  1700	     7.83860	     0.05826
  1750	     7.21386	     0.05363
  1800	     6.67162	     0.04974
  1850	     6.08973	     0.04631
  1900	     5.59772	     0.04324
  1950	     5.22371	     0.04034
  2000	     4.81308	     0.03742
  2050	     4.40842	     0.03466
  2100	     4.00125	     0.03216
  2150	     3.83518	     0.03083
  2200	     3.39578	     0.02799
  2250	     3.14585	     0.02615
  2300	     2.93372	     0.02423
  2350	     2.72665	     0.02293
  2400	     2.52605	     0.02177
  2450	     2.30108	     0.02011
  2500	     2.16032	     0.01888
  2550	     2.03811	     0.01790
  2600	     1.87067	     0.01682
  2650	     1.73897	     0.01600
  2700	     1.61638	     0.01496
  2750	     1.45898	     0.01377
  2800	     1.39937	     0.01319
  2850	     1.27248	     0.01223
  2900	     1.21175	     0.01169
  2950	     1.10555	     0.01094
  3000	     1.02762	     0.01031
  3050	     0.94450	     0.00969
  3100	     0.89450	     0.00922
  3150	     0.82061	     0.00862
  3200	     0.77296	     0.00812
  3250	     0.72983	     0.00778
  3300	     0.68408	     0.00735
  3350	     0.63879	     0.00690
  3400	     0.58544	     0.00649
  3450	     0.54471	     0.00614
  3500	     0.52890	     0.00610
  3550	     0.48859	     0.00564
  3600	     0.44998	     0.00530
  3650	     0.41074	     0.00501
  3700	     0.38423	     0.00473
  3750	     0.35902	     0.00448
  3800	     0.33423	     0.00416
  3850	     0.31538	     0.00405
  3900	     0.30410	     0.00388
  3950	     0.26481	     0.00345
  4000	     0.25717	     0.00339
  4050	     0.24349	     0.00326
  4100	     0.22247	     0.00308
  4150	     0.20670	     0.00290
  4200	     0.19333	     0.00274
  4250	     0.18363	     0.00264
  4300	     0.16776	     0.00246
  4350	     0.16277	     0.00240
  4400	     0.14830	     0.00217
  4450	     0.13877	     0.00206
  4500	     0.13342	     0.00204
  4550	     0.12175	     0.00190
  4600	     0.11757	     0.00185
  4650	     0.10693	     0.00172
  4700	     0.09626	     0.00161
  4750	     0.09235	     0.00155
  4800	     0.08752	     0.00151
  4850	     0.08147	     0.00143
  4900	     0.07682	     0.00133
  4950	     0.07388	     0.00132
# extra	     0.02345
# Tiny Monte Carlo by Scott Prahl (http://omlc.ogi.edu)
# 1 W Point Source Heating in Infinite Isotropic Scattering Medium
# CPU version, adapted for PEAGPGPU by Gustavo Castellano and Nicolas Wolovick
# Scattering =   20.000/cm
# Absorption =    2.000/cm
# Photons    =    32768
#
# 0.189427 seconds
# 172.985168 K photons per second
# Radius	Heat
# [microns]	[W/cm^3]	Error
     0	 20181.24316	   305.03214
    50	  3272.93764	    45.25830
   100	  1352.28284	    17.17325
   150	   738.07388	     8.87123
   200	   486.10398	     5.46758
   250	   346.02117	     3.68354
   300	   258.25987	     2.63654
   350	   199.58203	     1.96278
   400	   161.36929	     1.52242
   450	   132.95423	     1.21024
   500	   111.01113	     0.98224
   550	    94.12047	     0.80628
   600	    81.46207	     0.67733
   650	    69.34126	     0.56963
   700	    60.02937	     0.48646
   750	    53.42849	     0.41989
   800	    46.01568	     0.36272
   850	    40.69693	     0.31613
   900	    36.41617	     0.27825
   950	    32.82634	     0.24646
  1000	    29.07196	     0.21853
  1050	    26.67616	     0.19718
  1100	    23.89132	     0.17551
  1150	    21.48238	     0.15695
  1200	    19.42204	     0.14151
  1250	    17.46191	     0.12786
  1300	    16.00751	     0.11576
  1350	    14.80066	     0.10656
  1400	    13.35894	     0.09707
  1450	    12.16903	     0.08905
  1500	    11.24568	     0.08210
  1550	    10.14045	     0.07433
  1600	     9.33456	     0.06835
  1650	     8.73026	     0.06326
  1700	     7.83860	     0.05826
  1750	     7.21386	     0.05363
  1800	     6.67162	     0.04974
  1850	     6.08973	     0.04631
  1900	     5.59772	     0.04324
  1950	     5.22371	     0.04034
  2000	     4.81308	     0.03742
  2050	     4.40842	     0.03466
  2100	     4.00125	     0.03216
  2150	     3.83518	     0.03083
  2200	     3.39578	     0.02799
  2250	     3.14585	     0.02615
  2300	     2.93372	     0.02423
  2350	     2.72665	     0.02293
  2400	     2.52605	     0.02177
  2450	     2.30108	     0.02011
  2500	     2.16032	     0.01888
  2550	     2.03811	     0.01790
  2600	     1.87067	     0.01682
  2650	     1.73897	     0.01600
  2700	     1.61638	     0.01496
  2750	     1.45898	     0.01377
  2800	     1.39937	     0.01319
  2850	     1.27248	     0.01223
  2900	     1.21175	     0.01169
  2950	     1.10555	     0.01094
  3000	     1.02762	     0.01031
  3050	     0.94450	     0.00969
  3100	     0.89450	     0.00922
  3150	     0.82061	     0.00862
  3200	     0.77296	     0.00812
  3250	     0.72983	     0.00778
  3300	     0.68408	     0.00735
  3350	     0.63879	     0.00690
  3400	     0.58544	     0.00649
  3450	     0.54471	     0.00614
  3500	     0.52890	     0.00610
  3550	     0.48859	     0.00564
  3600	     0.44998	     0.00530
  3650	     0.41074	     0.00501
  3700	     0.38423	     0.00473
  3750	     0.35902	     0.00448
  3800	     0.33423	     0.00416
  3850	     0.31538	     0.00405
  3900	     0.30410	     0.00388
  3950	     0.26481	     0.00345
  4000	     0.25717	     0.00339
  4050	     0.24349	     0.00326
  4100	     0.22247	     0.00308
  4150	     0.20670	     0.00290
  4200	     0.19333	     0.00274
  4250	     0.18363	     0.00264
  4300	     0.16776	     0.00246
  4350	     0.16277	     0.00240
  4400	     0.14830	     0.00217
  4450	     0.13877	     0.00206
  4500	     0.13342	     0.00204
  4550	     0.12175	     0.00190
  4600	     0.11757	     0.00185
  4650	     0.10693	     0.00172
  4700	     0.09626	     0.00161
  4750	     0.09235	     0.00155
  4800	     0.08752	     0.00151
  4850	     0.08147	     0.00143
  4900	     0.07682	     0.00133
  4950	     0.07388	     0.00132
# extra	     0.02345
# Tiny Monte Carlo by Scott Prahl (http://omlc.ogi.edu)
# 1 W Point Source Heating in Infinite Isotropic Scattering Medium
# CPU version, adapted for PEAGPGPU by Gustavo Castellano and Nicolas Wolovick
# Scattering =   20.000/cm
# Absorption =    2.000/cm
# Photons    =    32768
#
# 0.188051 seconds
# 174.250404 K photons per second
# Radius	Heat
# [microns]	[W/cm^3]	Error
     0	 20441.12402	   306.77585
    50	  3240.52211	    45.09625
   100	  1297.12932	    16.89000
   150	   734.26497	     8.85903
   200	   482.33799	     5.43884
   250	   346.29199	     3.67467
   300	   262.39871	     2.64595
   350	   201.74958	     1.96857
   400	   162.92817	     1.52887
   450	   131.19479	     1.19921
   500	   110.39918	     0.97254
   550	    92.59780	     0.80294
   600	    81.21142	     0.67756
   650	    70.66033	     0.57350
   700	    61.58511	     0.48875
   750	    54.08063	     0.42138
   800	    46.87934	     0.36395
   850	    41.48548	     0.31788
   900	    37.09361	     0.27940
   950	    32.67401	     0.24588
  1000	    29.50954	     0.21982
  1050	    26.17755	     0.19539
  1100	    23.64275	     0.17470
  1150	    21.33919	     0.15791
  1200	    19.92490	     0.14349
  1250	    17.66341	     0.12884
  1300	    15.92093	     0.11677
  1350	    14.49028	     0.10648
  1400	    13.32351	     0.09759
  1450	    12.37796	     0.08926
  1500	    10.99755	     0.08125
  1550	    10.08394	     0.07496
  1600	     9.18294	     0.06882
  1650	     8.56206	     0.06376
  1700	     7.77231	     0.05804
  1750	     7.15950	     0.05446
  1800	     6.57356	     0.04986
  1850	     6.03754	     0.04634
  1900	     5.61129	     0.04347
  1950	     5.10270	     0.04003
  2000	     4.67896	     0.03693
  2050	     4.40816	     0.03482
  2100	     3.97730	     0.03191
  2150	     3.62379	     0.02964
  2200	     3.45172	     0.02826
  2250	     3.15811	     0.02626
  2300	     2.95380	     0.02463
  2350	     2.70107	     0.02289
  2400	     2.50467	     0.02157
  2450	     2.33708	     0.02046
  2500	     2.14588	     0.01904
  2550	     1.99422	     0.01796
  2600	     1.88434	     0.01700
  2650	     1.74577	     0.01584
  2700	     1.61423	     0.01487
  2750	     1.50106	     0.01391
  2800	     1.35854	     0.01287
  2850	     1.27800	     0.01215
  2900	     1.18080	     0.01151
  2950	     1.10875	     0.01092
  3000	     1.03637	     0.01033
  3050	     0.97546	     0.00993
  3100	     0.88913	     0.00920
  3150	     0.83933	     0.00861
  3200	     0.78536	     0.00819
  3250	     0.73917	     0.00785
  3300	     0.68251	     0.00734
  3350	     0.64748	     0.00712
  3400	     0.59687	     0.00670
  3450	     0.54168	     0.00611
  3500	     0.51495	     0.00581
  3550	     0.47894	     0.00549
  3600	     0.45663	     0.00529
  3650	     0.41208	     0.00495
  3700	     0.38562	     0.00461
  3750	     0.36150	     0.00442
  3800	     0.34892	     0.00426
  3850	     0.32262	     0.00403
  3900	     0.29684	     0.00375
  3950	     0.27617	     0.00354
  4000	     0.26174	     0.00343
  4050	     0.24695	     0.00324
  4100	     0.22400	     0.00301
  4150	     0.20828	     0.00289
  4200	     0.20107	     0.00279
  4250	     0.18422	     0.00263
  4300	     0.16823	     0.00240
  4350	     0.16390	     0.00238
  4400	     0.15069	     0.00219
  4450	     0.13554	     0.00202
  4500	     0.13398	     0.00201
  4550	     0.12393	     0.00188
  4600	     0.11518	     0.00180
  4650	     0.11123	     0.00176
  4700	     0.09877	     0.00155
  4750	     0.09791	     0.00155
  4800	     0.09204	     0.00152
  4850	     0.08425	     0.00144
  4900	     0.07523	     0.00129
  4950	     0.07255	     0.00128
# extra	     0.02374
# Tiny Monte Carlo by Scott Prahl (http://omlc.ogi.edu)
# 1 W Point Source Heating in Infinite Isotropic Scattering Medium
# CPU version, adapted for PEAGPGPU by Gustavo Castellano and Nicolas Wolovick
# Scattering =   20.000/cm
# Absorption =    2.000/cm
# Photons    =    32768
#
# 0.188358 seconds
# 173.966352 K photons per second
# Radius	Heat
# [microns]	[W/cm^3]	Error
     0	 20441.12402	   306.77585
    50	  3240.52211	    45.09625
   100	  1297.12932	    16.89000
   150	   734.26497	     8.85903
   200	   482.33799	     5.43884
   250	   346.29199	     3.67467
   300	   262.39871	     2.64595
   350	   201.74958	     1.96857
   400	   162.92817	     1.52887
   450	   131.19479	     1.19921
   500	   110.39918	     0.97254
   550	    92.59780	     0.80294
   600	    81.21142	     0.67756
   650	    70.66033	     0.57350
   700	    61.58511	     0.48875
   750	    54.08063	     0.42138
   800	    46.87934	     0.36395
   850	    41.48548	     0.31788
   900	    37.09361	     0.27940
   950	    32.67401	     0.24588
  1000	    29.50954	     0.21982
  1050	    26.17755	     0.19539
  1100	    23.64275	     0.17470
  1150	    21.33919	     0.15791
  1200	    19.92490	     0.14349
  1250	    17.66341	     0.12884
  1300	    15.92093	     0.11677
  1350	    14.49028	     0.10648
  1400	    13.32351	     0.09759
  1450	    12.37796	     0.08926
  1500	    10.99755	     0.08125
  1550	    10.08394	     0.07496
  1600	     9.18294	     0.06882
  1650	     8.56206	     0.06376
  1700	     7.77231	     0.05804
  1750	     7.15950	     0.05446
  1800	     6.57356	     0.04986
  1850	     6.03754	     0.04634
  1900	     5.61129	     0.04347
  1950	     5.10270	     0.04003
  2000	     4.67896	     0.03693
  2050	     4.40816	     0.03482
  2100	     3.97730	     0.03191
  2150	     3.62379	     0.02964
  2200	     3.45172	     0.02826
  2250	     3.15811	     0.02626
  2300	     2.95380	     0.02463
  2350	     2.70107	     0.02289
  2400	     2.50467	     0.02157
  2450	     2.33708	     0.02046
  2500	     2.14588	     0.01904
  2550	     1.99422	     0.01796
  2600	     1.88434	     0.01700
  2650	     1.74577	     0.01584
  2700	     1.61423	     0.01487
  2750	     1.50106	     0.01391
  2800	     1.35854	     0.01287
  2850	     1.27800	     0.01215
  2900	     1.18080	     0.01151
  2950	     1.10875	     0.01092
  3000	     1.03637	     0.01033
  3050	     0.97546	     0.00993
  3100	     0.88913	     0.00920
  3150	     0.83933	     0.00861
  3200	     0.78536	     0.00819
  3250	     0.73917	     0.00785
  3300	     0.68251	     0.00734
  3350	     0.64748	     0.00712
  3400	     0.59687	     0.00670
  3450	     0.54168	     0.00611
  3500	     0.51495	     0.00581
  3550	     0.47894	     0.00549
  3600	     0.45663	     0.00529
  3650	     0.41208	     0.00495
  3700	     0.38562	     0.00461
  3750	     0.36150	     0.00442
  3800	     0.34892	     0.00426
  3850	     0.32262	     0.00403
  3900	     0.29684	     0.00375
  3950	     0.27617	     0.00354
  4000	     0.26174	     0.00343
  4050	     0.24695	     0.00324
  4100	     0.22400	     0.00301
  4150	     0.20828	     0.00289
  4200	     0.20107	     0.00279
  4250	     0.18422	     0.00263
  4300	     0.16823	     0.00240
  4350	     0.16390	     0.00238
  4400	     0.15069	     0.00219
  4450	     0.13554	     0.00202
  4500	     0.13398	     0.00201
  4550	     0.12393	     0.00188
  4600	     0.11518	     0.00180
  4650	     0.11123	     0.00176
  4700	     0.09877	     0.00155
  4750	     0.09791	     0.00155
  4800	     0.09204	     0.00152
  4850	     0.08425	     0.00144
  4900	     0.07523	     0.00129
  4950	     0.07255	     0.00128
# extra	     0.02374
# Tiny Monte Carlo by Scott Prahl (http://omlc.ogi.edu)
# 1 W Point Source Heating in Infinite Isotropic Scattering Medium
# CPU version, adapted for PEAGPGPU by Gustavo Castellano and Nicolas Wolovick
# Scattering =   20.000/cm
# Absorption =    2.000/cm
# Photons    =    32768
#
# 0.187559 seconds
# 174.707316 K photons per second
# Radius	Heat
# [microns]	[W/cm^3]	Error
     0	 20441.12402	   306.77585
    50	  3240.52211	    45.09625
   100	  1297.12932	    16.89000
   150	   734.26497	     8.85903
   200	   482.33799	     5.43884
   250	   346.29199	     3.67467
   300	   262.39871	     2.64595
   350	   201.74958	     1.96857
   400	   162.92817	     1.52887
   450	   131.19479	     1.19921
   500	   110.39918	     0.97254
   550	    92.59780	     0.80294
   600	    81.21142	     0.67756
   650	    70.66033	     0.57350
   700	    61.58511	     0.48875
   750	    54.08063	     0.42138
   800	    46.87934	     0.36395
   850	    41.48548	     0.31788
   900	    37.09361	     0.27940
   950	    32.67401	     0.24588
  1000	    29.50954	     0.21982
  1050	    26.17755	     0.19539
  1100	    23.64275	     0.17470
  1150	    21.33919	     0.15791
  1200	    19.92490	     0.14349
  1250	    17.66341	     0.12884
  1300	    15.92093	     0.11677
  1350	    14.49028	     0.10648
  1400	    13.32351	     0.09759
  1450	    12.37796	     0.08926
  1500	    10.99755	     0.08125
  1550	    10.08394	     0.07496
  1600	     9.18294	     0.06882
  1650	     8.56206	     0.06376
  1700	     7.77231	     0.05804
  1750	     7.15950	     0.05446
  1800	     6.57356	     0.04986
  1850	     6.03754	     0.04634
  1900	     5.61129	     0.04347
  1950	     5.10270	     0.04003
  2000	     4.67896	     0.03693
  2050	     4.40816	     0.03482
  2100	     3.97730	     0.03191
  2150	     3.62379	     0.02964
  2200	     3.45172	     0.02826
  2250	     3.15811	     0.02626
  2300	     2.95380	     0.02463
  2350	     2.70107	     0.02289
  2400	     2.50467	     0.02157
  2450	     2.33708	     0.02046
  2500	     2.14588	     0.01904
  2550	     1.99422	     0.01796
  2600	     1.88434	     0.01700
  2650	     1.74577	     0.01584
  2700	     1.61423	     0.01487
  2750	     1.50106	     0.01391
  2800	     1.35854	     0.01287
  2850	     1.27800	     0.01215
  2900	     1.18080	     0.01151
  2950	     1.10875	     0.01092
  3000	     1.03637	     0.01033
  3050	     0.97546	     0.00993
  3100	     0.88913	     0.00920
  3150	     0.83933	     0.00861
  3200	     0.78536	     0.00819
  3250	     0.73917	     0.00785
  3300	     0.68251	     0.00734
  3350	     0.64748	     0.00712
  3400	     0.59687	     0.00670
  3450	     0.54168	     0.00611
  3500	     0.51495	     0.00581
  3550	     0.47894	     0.00549
  3600	     0.45663	     0.00529
  3650	     0.41208	     0.00495
  3700	     0.38562	     0.00461
  3750	     0.36150	     0.00442
  3800	     0.34892	     0.00426
  3850	     0.32262	     0.00403
  3900	     0.29684	     0.00375
  3950	     0.27617	     0.00354
  4000	     0.26174	     0.00343
  4050	     0.24695	     0.00324
  4100	     0.22400	     0.00301
  4150	     0.20828	     0.00289
  4200	     0.20107	     0.00279
  4250	     0.18422	     0.00263
  4300	     0.16823	     0.00240
  4350	     0.16390	     0.00238
  4400	     0.15069	     0.00219
  4450	     0.13554	     0.00202
  4500	     0.13398	     0.00201
  4550	     0.12393	     0.00188
  4600	     0.11518	     0.00180
  4650	     0.11123	     0.00176
  4700	     0.09877	     0.00155
  4750	     0.09791	     0.00155
  4800	     0.09204	     0.00152
  4850	     0.08425	     0.00144
  4900	     0.07523	     0.00129
  4950	     0.07255	     0.00128
# extra	     0.02374
# Tiny Monte Carlo by Scott Prahl (http://omlc.ogi.edu)
# 1 W Point Source Heating in Infinite Isotropic Scattering Medium
# CPU version, adapted for PEAGPGPU by Gustavo Castellano and Nicolas Wolovick
# Scattering =   20.000/cm
# Absorption =    2.000/cm
# Photons    =    32768
#
# 0.188687 seconds
# 173.663718 K photons per second
# Radius	Heat
# [microns]	[W/cm^3]	Error
     0	 20441.12402	   306.77585
    50	  3240.52211	    45.09625
   100	  1297.12932	    16.89000
   150	   734.26497	     8.85903
   200	   482.33799	     5.43884
   250	   346.29199	     3.67467
   300	   262.39871	     2.64595
   350	   201.74958	     1.96857
   400	   162.92817	     1.52887
   450	   131.19479	     1.19921
   500	   110.39918	     0.97254
   550	    92.59780	     0.80294
   600	    81.21142	     0.67756
   650	    70.66033	     0.57350
   700	    61.58511	     0.48875
   750	    54.08063	     0.42138
   800	    46.87934	     0.36395
   850	    41.48548	     0.31788
   900	    37.09361	     0.27940
   950	    32.67401	     0.24588
  1000	    29.50954	     0.21982
  1050	    26.17755	     0.19539
  1100	    23.64275	     0.17470
  1150	    21.33919	     0.15791
  1200	    19.92490	     0.14349
  1250	    17.66341	     0.12884
  1300	    15.92093	     0.11677
  1350	    14.49028	     0.10648
  1400	    13.32351	     0.09759
  1450	    12.37796	     0.08926
  1500	    10.99755	     0.08125
  1550	    10.08394	     0.07496
  1600	     9.18294	     0.06882
  1650	     8.56206	     0.06376
  1700	     7.77231	     0.05804
  1750	     7.15950	     0.05446
  1800	     6.57356	     0.04986
  1850	     6.03754	     0.04634
  1900	     5.61129	     0.04347
  1950	     5.10270	     0.04003
  2000	     4.67896	     0.03693
  2050	     4.40816	     0.03482
  2100	     3.97730	     0.03191
  2150	     3.62379	     0.02964
  2200	     3.45172	     0.02826
  2250	     3.15811	     0.02626
  2300	     2.95380	     0.02463
  2350	     2.70107	     0.02289
  2400	     2.50467	     0.02157
  2450	     2.33708	     0.02046
  2500	     2.14588	     0.01904
  2550	     1.99422	     0.01796
  2600	     1.88434	     0.01700
  2650	     1.74577	     0.01584
  2700	     1.61423	     0.01487
  2750	     1.50106	     0.01391
  2800	     1.35854	     0.01287
  2850	     1.27800	     0.01215
  2900	     1.18080	     0.01151
  2950	     1.10875	     0.01092
  3000	     1.03637	     0.01033
  3050	     0.97546	     0.00993
  3100	     0.88913	     0.00920
  3150	     0.83933	     0.00861
  3200	     0.78536	     0.00819
  3250	     0.73917	     0.00785
  3300	     0.68251	     0.00734
  3350	     0.64748	     0.00712
  3400	     0.59687	     0.00670
  3450	     0.54168	     0.00611
  3500	     0.51495	     0.00581
  3550	     0.47894	     0.00549
  3600	     0.45663	     0.00529
  3650	     0.41208	     0.00495
  3700	     0.38562	     0.00461
  3750	     0.36150	     0.00442
  3800	     0.34892	     0.00426
  3850	     0.32262	     0.00403
  3900	     0.29684	     0.00375
  3950	     0.27617	     0.00354
  4000	     0.26174	     0.00343
  4050	     0.24695	     0.00324
  4100	     0.22400	     0.00301
  4150	     0.20828	     0.00289
  4200	     0.20107	     0.00279
  4250	     0.18422	     0.00263
  4300	     0.16823	     0.00240
  4350	     0.16390	     0.00238
  4400	     0.15069	     0.00219
  4450	     0.13554	     0.00202
  4500	     0.13398	     0.00201
  4550	     0.12393	     0.00188
  4600	     0.11518	     0.00180
  4650	     0.11123	     0.00176
  4700	     0.09877	     0.00155
  4750	     0.09791	     0.00155
  4800	     0.09204	     0.00152
  4850	     0.08425	     0.00144
  4900	     0.07523	     0.00129
  4950	     0.07255	     0.00128
# extra	     0.02374
# Tiny Monte Carlo by Scott Prahl (http://omlc.ogi.edu)
# 1 W Point Source Heating in Infinite Isotropic Scattering Medium
# CPU version, adapted for PEAGPGPU by Gustavo Castellano and Nicolas Wolovick
# Scattering =   20.000/cm
# Absorption =    2.000/cm
# Photons    =    32768
#
# 0.187947 seconds
# 174.347474 K photons per second
# Radius	Heat
# [microns]	[W/cm^3]	Error
     0	 20441.12402	   306.77585
    50	  3240.52211	    45.09625
   100	  1297.12932	    16.89000
   150	   734.26497	     8.85903
   200	   482.33799	     5.43884
   250	   346.29199	     3.67467
   300	   262.39871	     2.64595
   350	   201.74958	     1.96857
   400	   162.92817	     1.52887
   450	   131.19479	     1.19921
   500	   110.39918	     0.97254
   550	    92.59780	     0.80294
   600	    81.21142	     0.67756
   650	    70.66033	     0.57350
   700	    61.58511	     0.48875
   750	    54.08063	     0.42138
   800	    46.87934	     0.36395
   850	    41.48548	     0.31788
   900	    37.09361	     0.27940
   950	    32.67401	     0.24588
  1000	    29.50954	     0.21982
  1050	    26.17755	     0.19539
  1100	    23.64275	     0.17470
  1150	    21.33919	     0.15791
  1200	    19.92490	     0.14349
  1250	    17.66341	     0.12884
  1300	    15.92093	     0.11677
  1350	    14.49028	     0.10648
  1400	    13.32351	     0.09759
  1450	    12.37796	     0.08926
  1500	    10.99755	     0.08125
  1550	    10.08394	     0.07496
  1600	     9.18294	     0.06882
  1650	     8.56206	     0.06376
  1700	     7.77231	     0.05804
  1750	     7.15950	     0.05446
  1800	     6.57356	     0.04986
  1850	     6.03754	     0.04634
  1900	     5.61129	     0.04347
  1950	     5.10270	     0.04003
  2000	     4.67896	     0.03693
  2050	     4.40816	     0.03482
  2100	     3.97730	     0.03191
  2150	     3.62379	     0.02964
  2200	     3.45172	     0.02826
  2250	     3.15811	     0.02626
  2300	     2.95380	     0.02463
  2350	     2.70107	     0.02289
  2400	     2.50467	     0.02157
  2450	     2.33708	     0.02046
  2500	     2.14588	     0.01904
  2550	     1.99422	     0.01796
  2600	     1.88434	     0.01700
  2650	     1.74577	     0.01584
  2700	     1.61423	     0.01487
  2750	     1.50106	     0.01391
  2800	     1.35854	     0.01287
  2850	     1.27800	     0.01215
  2900	     1.18080	     0.01151
  2950	     1.10875	     0.01092
  3000	     1.03637	     0.01033
  3050	     0.97546	     0.00993
  3100	     0.88913	     0.00920
  3150	     0.83933	     0.00861
  3200	     0.78536	     0.00819
  3250	     0.73917	     0.00785
  3300	     0.68251	     0.00734
  3350	     0.64748	     0.00712
  3400	     0.59687	     0.00670
  3450	     0.54168	     0.00611
  3500	     0.51495	     0.00581
  3550	     0.47894	     0.00549
  3600	     0.45663	     0.00529
  3650	     0.41208	     0.00495
  3700	     0.38562	     0.00461
  3750	     0.36150	     0.00442
  3800	     0.34892	     0.00426
  3850	     0.32262	     0.00403
  3900	     0.29684	     0.00375
  3950	     0.27617	     0.00354
  4000	     0.26174	     0.00343
  4050	     0.24695	     0.00324
  4100	     0.22400	     0.00301
  4150	     0.20828	     0.00289
  4200	     0.20107	     0.00279
  4250	     0.18422	     0.00263
  4300	     0.16823	     0.00240
  4350	     0.16390	     0.00238
  4400	     0.15069	     0.00219
  4450	     0.13554	     0.00202
  4500	     0.13398	     0.00201
  4550	     0.12393	     0.00188
  4600	     0.11518	     0.00180
  4650	     0.11123	     0.00176
  4700	     0.09877	     0.00155
  4750	     0.09791	     0.00155
  4800	     0.09204	     0.00152
  4850	     0.08425	     0.00144
  4900	     0.07523	     0.00129
  4950	     0.07255	     0.00128
# extra	     0.02374

 Performance counter stats for './headless' (10 runs):

            189.54 msec task-clock                       #    0.996 CPUs utilized               ( +-  0.17% )
                 1      context-switches                 #    5.276 /sec                        ( +- 21.08% )
                 0      cpu-migrations                   #    0.000 /sec                      
                89      page-faults                      #  469.567 /sec                        ( +-  1.19% )
         653312491      cycles                           #    3.447 GHz                         ( +-  0.11% )
           8700580      stalled-cycles-frontend          #    1.33% frontend cycles idle        ( +-  1.71% )
         980525276      instructions                     #    1.50  insn per cycle            
                                                  #    0.01  stalled cycles per insn     ( +-  0.01% )
         193136755      branches                         #    1.019 G/sec                       ( +-  0.01% )
           1202338      branch-misses                    #    0.62% of all branches             ( +-  0.14% )

          0.190281 +- 0.000325 seconds time elapsed  ( +-  0.17% )
