# Tiny Monte Carlo by Scott Prahl (http://omlc.ogi.edu)
# 1 W Point Source Heating in Infinite Isotropic Scattering Medium
# CPU version, adapted for PEAGPGPU by Gustavo Castellano and Nicolas Wolovick
# Scattering =   20.000/cm
# Absorption =    2.000/cm
# Photons    =    32768
#
# 0.034648 seconds
# 945.734309 K photons per second
# Radius	Heat
# [microns]	[W/cm^3]	Error
     0	878847.56250	        -nan
    50	  4719.21387	    50.26573
   100	  1790.46664	    18.46009
   150	   897.09779	     9.34191
   200	   525.34104	     5.57614
   250	   332.48560	     3.63436
   300	   225.32427	     2.53503
   350	   154.54422	     1.83709
   400	   113.67567	     1.39429
   450	    88.42313	     1.10346
   500	    66.73393	     0.87144
   550	    51.48688	     0.70049
   600	    39.94104	     0.57217
   650	    33.40828	     0.48412
   700	    26.60506	     0.40317
   750	    20.58515	     0.33329
   800	    17.58417	     0.28933
   850	    14.33909	     0.24725
   900	    12.23664	     0.21626
   950	    10.06442	     0.18728
  1000	     8.73467	     0.16561
  1050	     7.26780	     0.14432
  1100	     6.39092	     0.12903
  1150	     5.23514	     0.11209
  1200	     4.60289	     0.10089
  1250	     3.95747	     0.09020
  1300	     3.57658	     0.08239
  1350	     3.00012	     0.07271
  1400	     2.61725	     0.06550
  1450	     2.31216	     0.05928
  1500	     1.99768	     0.05335
  1550	     1.86852	     0.04999
  1600	     1.55915	     0.04435
  1650	     1.41495	     0.04101
  1700	     1.28119	     0.03765
  1750	     1.15870	     0.03497
  1800	     1.04910	     0.03231
  1850	     0.88287	     0.02876
  1900	     0.82437	     0.02695
  1950	     0.73548	     0.02493
  2000	     0.68235	     0.02341
  2050	     0.59940	     0.02133
  2100	     0.58094	     0.02043
  2150	     0.53170	     0.01912
  2200	     0.47994	     0.01782
  2250	     0.40924	     0.01613
  2300	     0.38665	     0.01525
  2350	     0.35826	     0.01438
  2400	     0.35512	     0.01405
  2450	     0.33005	     0.01317
  2500	     0.32388	     0.01290
  2550	     0.26241	     0.01128
  2600	     0.26100	     0.01117
  2650	     0.24243	     0.01051
  2700	     0.20905	     0.00953
  2750	     0.22795	     0.00977
  2800	     0.17820	     0.00850
  2850	     0.16694	     0.00801
  2900	     0.14926	     0.00741
  2950	     0.14959	     0.00735
  3000	     0.15578	     0.00739
  3050	     0.14455	     0.00704
  3100	     0.12968	     0.00652
  3150	     0.12946	     0.00640
  3200	     0.11806	     0.00602
  3250	     0.11715	     0.00594
  3300	     0.10581	     0.00555
  3350	     0.10292	     0.00541
  3400	     0.09385	     0.00505
  3450	     0.08922	     0.00489
  3500	     0.08673	     0.00474
  3550	     0.08779	     0.00470
  3600	     0.07562	     0.00427
  3650	     0.07277	     0.00415
  3700	     0.07365	     0.00410
  3750	     0.06278	     0.00372
  3800	     0.07074	     0.00393
  3850	     0.06531	     0.00372
  3900	     0.06007	     0.00352
  3950	     0.05493	     0.00331
  4000	     0.05743	     0.00337
  4050	     0.04970	     0.00308
  4100	     0.04830	     0.00300
  4150	     0.04890	     0.00294
  4200	     0.04887	     0.00296
  4250	     0.04525	     0.00277
  4300	     0.04260	     0.00268
  4350	     0.04054	     0.00262
  4400	     0.03689	     0.00244
  4450	     0.03431	     0.00233
  4500	     0.03414	     0.00228
  4550	     0.03506	     0.00230
  4600	     0.03082	     0.00213
  4650	     0.02983	     0.00207
  4700	     0.03176	     0.00210
  4750	     0.03087	     0.00208
  4800	     0.02700	     0.00191
  4850	     0.02681	     0.00188
  4900	     0.02580	     0.00183
  4950	     0.02472	     0.00178
# extra	     0.20088
# Tiny Monte Carlo by Scott Prahl (http://omlc.ogi.edu)
# 1 W Point Source Heating in Infinite Isotropic Scattering Medium
# CPU version, adapted for PEAGPGPU by Gustavo Castellano and Nicolas Wolovick
# Scattering =   20.000/cm
# Absorption =    2.000/cm
# Photons    =    32768
#
# 0.037190 seconds
# 881.090175 K photons per second
# Radius	Heat
# [microns]	[W/cm^3]	Error
     0	875413.12500	        -nan
    50	  4664.50153	    50.03869
   100	  1789.74316	    18.44747
   150	   909.23928	     9.37269
   200	   536.68206	     5.59827
   250	   331.70546	     3.62677
   300	   230.65236	     2.56392
   350	   166.38753	     1.89230
   400	   114.74029	     1.39533
   450	    88.79964	     1.10200
   500	    68.64872	     0.88136
   550	    52.39574	     0.70457
   600	    40.26607	     0.57184
   650	    33.37134	     0.48327
   700	    27.10001	     0.40695
   750	    21.33099	     0.33996
   800	    17.28936	     0.28834
   850	    14.87330	     0.25107
   900	    12.13524	     0.21473
   950	    10.27965	     0.18830
  1000	     8.58932	     0.16386
  1050	     7.17875	     0.14343
  1100	     6.28799	     0.12783
  1150	     5.40219	     0.11394
  1200	     4.71807	     0.10222
  1250	     4.00324	     0.09005
  1300	     3.32148	     0.07898
  1350	     2.93898	     0.07167
  1400	     2.67912	     0.06580
  1450	     2.29207	     0.05882
  1500	     2.02641	     0.05377
  1550	     1.77024	     0.04853
  1600	     1.60286	     0.04500
  1650	     1.49056	     0.04187
  1700	     1.25390	     0.03734
  1750	     1.02400	     0.03275
  1800	     1.07531	     0.03265
  1850	     0.91891	     0.02924
  1900	     0.84291	     0.02741
  1950	     0.74215	     0.02490
  2000	     0.67858	     0.02333
  2050	     0.62321	     0.02172
  2100	     0.55384	     0.02012
  2150	     0.53371	     0.01927
  2200	     0.46107	     0.01735
  2250	     0.42226	     0.01625
  2300	     0.40035	     0.01555
  2350	     0.37021	     0.01459
  2400	     0.33690	     0.01372
  2450	     0.30668	     0.01268
  2500	     0.31718	     0.01272
  2550	     0.27505	     0.01146
  2600	     0.26308	     0.01108
  2650	     0.24300	     0.01049
  2700	     0.22143	     0.00980
  2750	     0.19030	     0.00892
  2800	     0.19137	     0.00881
  2850	     0.18074	     0.00843
  2900	     0.17571	     0.00810
  2950	     0.15395	     0.00743
  3000	     0.14454	     0.00712
  3050	     0.14973	     0.00713
  3100	     0.13844	     0.00675
  3150	     0.12624	     0.00634
  3200	     0.11252	     0.00587
  3250	     0.11276	     0.00576
  3300	     0.10444	     0.00551
  3350	     0.09364	     0.00512
  3400	     0.08744	     0.00486
  3450	     0.08538	     0.00475
  3500	     0.08847	     0.00473
  3550	     0.08051	     0.00446
  3600	     0.07225	     0.00412
  3650	     0.08084	     0.00438
  3700	     0.06321	     0.00384
  3750	     0.06845	     0.00389
  3800	     0.06603	     0.00378
  3850	     0.05961	     0.00354
  3900	     0.06241	     0.00356
  3950	     0.05340	     0.00324
  4000	     0.05212	     0.00318
  4050	     0.05174	     0.00312
  4100	     0.04677	     0.00298
  4150	     0.04521	     0.00285
  4200	     0.04727	     0.00289
  4250	     0.04176	     0.00268
  4300	     0.04183	     0.00265
  4350	     0.04359	     0.00269
  4400	     0.03943	     0.00253
  4450	     0.03257	     0.00226
  4500	     0.03799	     0.00237
  4550	     0.03673	     0.00235
  4600	     0.03256	     0.00220
  4650	     0.03194	     0.00213
  4700	     0.02961	     0.00202
  4750	     0.03045	     0.00206
  4800	     0.03094	     0.00203
  4850	     0.02441	     0.00179
  4900	     0.02524	     0.00181
  4950	     0.02510	     0.00179
# extra	     0.20000
# Tiny Monte Carlo by Scott Prahl (http://omlc.ogi.edu)
# 1 W Point Source Heating in Infinite Isotropic Scattering Medium
# CPU version, adapted for PEAGPGPU by Gustavo Castellano and Nicolas Wolovick
# Scattering =   20.000/cm
# Absorption =    2.000/cm
# Photons    =    32768
#
# 0.038104 seconds
# 859.966158 K photons per second
# Radius	Heat
# [microns]	[W/cm^3]	Error
     0	876250.21875	        -nan
    50	  4694.82296	    50.05425
   100	  1777.50447	    18.42215
   150	   920.76650	     9.42946
   200	   525.84495	     5.54920
   250	   337.08936	     3.65785
   300	   227.04236	     2.54306
   350	   165.94410	     1.88943
   400	   118.86196	     1.42182
   450	    89.86909	     1.10877
   500	    69.58258	     0.88468
   550	    51.97272	     0.70089
   600	    40.66380	     0.57526
   650	    32.89488	     0.47901
   700	    25.84114	     0.39673
   750	    21.33440	     0.33858
   800	    17.10705	     0.28522
   850	    15.21226	     0.25390
   900	    12.14986	     0.21554
   950	     9.93433	     0.18545
  1000	     8.57714	     0.16369
  1050	     7.19582	     0.14321
  1100	     6.06686	     0.12573
  1150	     5.22978	     0.11188
  1200	     4.46200	     0.09925
  1250	     3.96899	     0.09000
  1300	     3.47356	     0.08109
  1350	     2.95441	     0.07181
  1400	     2.50442	     0.06400
  1450	     2.29452	     0.05908
  1500	     2.02136	     0.05353
  1550	     1.83205	     0.04936
  1600	     1.61351	     0.04503
  1650	     1.35049	     0.03991
  1700	     1.30649	     0.03807
  1750	     1.16858	     0.03502
  1800	     1.04873	     0.03214
  1850	     0.90773	     0.02921
  1900	     0.82653	     0.02717
  1950	     0.77445	     0.02554
  2000	     0.68223	     0.02336
  2050	     0.64301	     0.02214
  2100	     0.57115	     0.02028
  2150	     0.55768	     0.01958
  2200	     0.46073	     0.01743
  2250	     0.44734	     0.01678
  2300	     0.38268	     0.01514
  2350	     0.37319	     0.01472
  2400	     0.33256	     0.01358
  2450	     0.34443	     0.01350
  2500	     0.30821	     0.01249
  2550	     0.25441	     0.01115
  2600	     0.24337	     0.01073
  2650	     0.22356	     0.01003
  2700	     0.23005	     0.00997
  2750	     0.17843	     0.00864
  2800	     0.20638	     0.00915
  2850	     0.15636	     0.00778
  2900	     0.17731	     0.00812
  2950	     0.15364	     0.00748
  3000	     0.14614	     0.00718
  3050	     0.14666	     0.00711
  3100	     0.13257	     0.00665
  3150	     0.12294	     0.00621
  3200	     0.11213	     0.00588
  3250	     0.09839	     0.00540
  3300	     0.10265	     0.00546
  3350	     0.08570	     0.00489
  3400	     0.10181	     0.00527
  3450	     0.09066	     0.00488
  3500	     0.08433	     0.00459
  3550	     0.07395	     0.00426
  3600	     0.08562	     0.00454
  3650	     0.07520	     0.00421
  3700	     0.06286	     0.00377
  3750	     0.06696	     0.00387
  3800	     0.06740	     0.00382
  3850	     0.06356	     0.00365
  3900	     0.05845	     0.00347
  3950	     0.05871	     0.00342
  4000	     0.05057	     0.00315
  4050	     0.04661	     0.00296
  4100	     0.04968	     0.00302
  4150	     0.04322	     0.00278
  4200	     0.04685	     0.00286
  4250	     0.04476	     0.00279
  4300	     0.04811	     0.00288
  4350	     0.04027	     0.00259
  4400	     0.03770	     0.00245
  4450	     0.03425	     0.00233
  4500	     0.03558	     0.00234
  4550	     0.03327	     0.00223
  4600	     0.03518	     0.00229
  4650	     0.02853	     0.00199
  4700	     0.02744	     0.00194
  4750	     0.03037	     0.00204
  4800	     0.03010	     0.00202
  4850	     0.02777	     0.00192
  4900	     0.02523	     0.00180
  4950	     0.02633	     0.00183
# extra	     0.20018
# Tiny Monte Carlo by Scott Prahl (http://omlc.ogi.edu)
# 1 W Point Source Heating in Infinite Isotropic Scattering Medium
# CPU version, adapted for PEAGPGPU by Gustavo Castellano and Nicolas Wolovick
# Scattering =   20.000/cm
# Absorption =    2.000/cm
# Photons    =    32768
#
# 0.034761 seconds
# 942.674716 K photons per second
# Radius	Heat
# [microns]	[W/cm^3]	Error
     0	878047.21875	        -nan
    50	  4690.73605	    50.16050
   100	  1787.35886	    18.45918
   150	   909.59916	     9.40645
   200	   528.85609	     5.58795
   250	   331.38191	     3.63632
   300	   222.72652	     2.52970
   350	   158.60354	     1.85410
   400	   116.46384	     1.40851
   450	    87.72348	     1.09587
   500	    65.90451	     0.86598
   550	    51.96432	     0.70360
   600	    41.05929	     0.57802
   650	    32.24623	     0.47487
   700	    26.78591	     0.40466
   750	    21.40221	     0.34044
   800	    17.26053	     0.28724
   850	    14.85397	     0.25144
   900	    11.67307	     0.21174
   950	     9.88628	     0.18523
  1000	     8.62655	     0.16449
  1050	     7.18638	     0.14315
  1100	     6.27360	     0.12854
  1150	     5.32215	     0.11333
  1200	     4.74004	     0.10229
  1250	     4.15518	     0.09205
  1300	     3.45123	     0.08061
  1350	     3.00406	     0.07235
  1400	     2.63600	     0.06577
  1450	     2.40983	     0.06048
  1500	     2.06770	     0.05438
  1550	     1.76667	     0.04845
  1600	     1.53694	     0.04383
  1650	     1.40012	     0.04080
  1700	     1.22573	     0.03718
  1750	     1.11734	     0.03414
  1800	     1.02727	     0.03201
  1850	     0.92752	     0.02960
  1900	     0.82227	     0.02702
  1950	     0.74361	     0.02498
  2000	     0.66106	     0.02296
  2050	     0.65768	     0.02245
  2100	     0.52738	     0.01948
  2150	     0.53054	     0.01924
  2200	     0.50451	     0.01830
  2250	     0.43583	     0.01656
  2300	     0.39617	     0.01535
  2350	     0.36741	     0.01451
  2400	     0.32416	     0.01335
  2450	     0.31195	     0.01287
  2500	     0.29735	     0.01231
  2550	     0.25671	     0.01116
  2600	     0.24983	     0.01081
  2650	     0.23748	     0.01032
  2700	     0.21245	     0.00954
  2750	     0.21835	     0.00957
  2800	     0.18690	     0.00870
  2850	     0.18582	     0.00843
  2900	     0.16649	     0.00794
  2950	     0.16709	     0.00781
  3000	     0.15750	     0.00742
  3050	     0.14567	     0.00706
  3100	     0.13844	     0.00674
  3150	     0.12430	     0.00629
  3200	     0.11701	     0.00599
  3250	     0.11508	     0.00588
  3300	     0.11478	     0.00576
  3350	     0.09987	     0.00528
  3400	     0.09450	     0.00509
  3450	     0.08487	     0.00471
  3500	     0.08950	     0.00478
  3550	     0.08983	     0.00478
  3600	     0.07521	     0.00426
  3650	     0.07328	     0.00418
  3700	     0.07231	     0.00410
  3750	     0.07010	     0.00394
  3800	     0.06858	     0.00383
  3850	     0.06015	     0.00354
  3900	     0.06146	     0.00353
  3950	     0.06289	     0.00355
  4000	     0.05123	     0.00315
  4050	     0.05271	     0.00320
  4100	     0.04914	     0.00300
  4150	     0.03989	     0.00265
  4200	     0.04372	     0.00276
  4250	     0.04507	     0.00281
  4300	     0.04109	     0.00261
  4350	     0.03414	     0.00238
  4400	     0.03731	     0.00245
  4450	     0.03743	     0.00241
  4500	     0.03531	     0.00233
  4550	     0.03683	     0.00237
  4600	     0.03035	     0.00211
  4650	     0.02907	     0.00201
  4700	     0.02741	     0.00196
  4750	     0.03174	     0.00211
  4800	     0.02918	     0.00196
  4850	     0.02589	     0.00186
  4900	     0.02703	     0.00185
  4950	     0.03035	     0.00198
# extra	     0.20070
# Tiny Monte Carlo by Scott Prahl (http://omlc.ogi.edu)
# 1 W Point Source Heating in Infinite Isotropic Scattering Medium
# CPU version, adapted for PEAGPGPU by Gustavo Castellano and Nicolas Wolovick
# Scattering =   20.000/cm
# Absorption =    2.000/cm
# Photons    =    32768
#
# 0.035771 seconds
# 916.044012 K photons per second
# Radius	Heat
# [microns]	[W/cm^3]	Error
     0	878343.65625	        -nan
    50	  4633.04632	    49.87405
   100	  1787.90394	    18.48622
   150	   899.62373	     9.35725
   200	   522.70586	     5.55272
   250	   335.55636	     3.64993
   300	   227.41226	     2.55006
   350	   156.66329	     1.84322
   400	   117.46560	     1.41573
   450	    90.42388	     1.11125
   500	    67.36243	     0.87716
   550	    51.01265	     0.69970
   600	    40.45724	     0.57459
   650	    32.21588	     0.47517
   700	    26.31326	     0.40316
   750	    21.11336	     0.33624
   800	    17.64846	     0.29032
   850	    14.70237	     0.25047
   900	    12.03885	     0.21519
   950	    10.08086	     0.18662
  1000	     8.63474	     0.16375
  1050	     7.27509	     0.14417
  1100	     6.15206	     0.12654
  1150	     5.21510	     0.11173
  1200	     4.51968	     0.09989
  1250	     3.94277	     0.08979
  1300	     3.51911	     0.08170
  1350	     3.00902	     0.07282
  1400	     2.73512	     0.06692
  1450	     2.27609	     0.05875
  1500	     2.07244	     0.05471
  1550	     1.76412	     0.04850
  1600	     1.57290	     0.04451
  1650	     1.44489	     0.04126
  1700	     1.32926	     0.03842
  1750	     1.15053	     0.03464
  1800	     1.06548	     0.03251
  1850	     0.95668	     0.02992
  1900	     0.78651	     0.02644
  1950	     0.72487	     0.02473
  2000	     0.71427	     0.02398
  2050	     0.62218	     0.02163
  2100	     0.58102	     0.02055
  2150	     0.53293	     0.01918
  2200	     0.48087	     0.01778
  2250	     0.43607	     0.01657
  2300	     0.41207	     0.01570
  2350	     0.34968	     0.01418
  2400	     0.33631	     0.01360
  2450	     0.32275	     0.01304
  2500	     0.28901	     0.01210
  2550	     0.28189	     0.01179
  2600	     0.25044	     0.01086
  2650	     0.24231	     0.01053
  2700	     0.21833	     0.00969
  2750	     0.17632	     0.00857
  2800	     0.19153	     0.00879
  2850	     0.18937	     0.00863
  2900	     0.16975	     0.00796
  2950	     0.15398	     0.00746
  3000	     0.14365	     0.00709
  3050	     0.13926	     0.00691
  3100	     0.12941	     0.00657
  3150	     0.12089	     0.00616
  3200	     0.10862	     0.00579
  3250	     0.10621	     0.00562
  3300	     0.10630	     0.00556
  3350	     0.09243	     0.00507
  3400	     0.09350	     0.00507
  3450	     0.09202	     0.00497
  3500	     0.07860	     0.00444
  3550	     0.08324	     0.00454
  3600	     0.07049	     0.00413
  3650	     0.07893	     0.00431
  3700	     0.06852	     0.00394
  3750	     0.06430	     0.00376
  3800	     0.06907	     0.00384
  3850	     0.06804	     0.00381
  3900	     0.05413	     0.00335
  3950	     0.05492	     0.00332
  4000	     0.05344	     0.00319
  4050	     0.05271	     0.00319
  4100	     0.04925	     0.00302
  4150	     0.04969	     0.00299
  4200	     0.05206	     0.00305
  4250	     0.04115	     0.00266
  4300	     0.04303	     0.00269
  4350	     0.03664	     0.00244
  4400	     0.04150	     0.00259
  4450	     0.04142	     0.00258
  4500	     0.03489	     0.00230
  4550	     0.03442	     0.00227
  4600	     0.03596	     0.00231
  4650	     0.03181	     0.00214
  4700	     0.02573	     0.00190
  4750	     0.02714	     0.00193
  4800	     0.02688	     0.00188
  4850	     0.02506	     0.00181
  4900	     0.02709	     0.00186
  4950	     0.02866	     0.00192
# extra	     0.20064
# Tiny Monte Carlo by Scott Prahl (http://omlc.ogi.edu)
# 1 W Point Source Heating in Infinite Isotropic Scattering Medium
# CPU version, adapted for PEAGPGPU by Gustavo Castellano and Nicolas Wolovick
# Scattering =   20.000/cm
# Absorption =    2.000/cm
# Photons    =    32768
#
# 0.037900 seconds
# 864.596094 K photons per second
# Radius	Heat
# [microns]	[W/cm^3]	Error
     0	878199.00000	        -nan
    50	  4688.93387	    50.12364
   100	  1802.41869	    18.52421
   150	   881.77156	     9.28565
   200	   523.65258	     5.55930
   250	   332.31085	     3.63552
   300	   227.61222	     2.55445
   350	   154.42733	     1.83574
   400	   117.00240	     1.41084
   450	    89.60564	     1.10936
   500	    66.09574	     0.86728
   550	    53.10091	     0.71197
   600	    41.11428	     0.57817
   650	    32.38597	     0.47634
   700	    26.15220	     0.40022
   750	    21.78363	     0.34263
   800	    17.29098	     0.28743
   850	    14.79434	     0.25196
   900	    12.18968	     0.21661
   950	    10.04221	     0.18573
  1000	     8.52547	     0.16334
  1050	     7.20242	     0.14347
  1100	     6.15869	     0.12669
  1150	     5.48853	     0.11486
  1200	     4.54113	     0.10027
  1250	     4.01502	     0.09053
  1300	     3.28129	     0.07909
  1350	     3.02939	     0.07278
  1400	     2.64960	     0.06590
  1450	     2.26982	     0.05892
  1500	     2.07558	     0.05447
  1550	     1.82487	     0.04949
  1600	     1.54725	     0.04421
  1650	     1.44256	     0.04129
  1700	     1.25883	     0.03747
  1750	     1.09000	     0.03380
  1800	     1.06816	     0.03246
  1850	     0.94455	     0.02969
  1900	     0.82412	     0.02706
  1950	     0.74623	     0.02514
  2000	     0.68472	     0.02322
  2050	     0.61888	     0.02165
  2100	     0.56614	     0.02022
  2150	     0.55249	     0.01952
  2200	     0.46412	     0.01742
  2250	     0.42320	     0.01628
  2300	     0.39855	     0.01539
  2350	     0.37107	     0.01462
  2400	     0.32234	     0.01334
  2450	     0.33750	     0.01342
  2500	     0.29140	     0.01216
  2550	     0.25517	     0.01121
  2600	     0.25357	     0.01088
  2650	     0.25614	     0.01082
  2700	     0.21617	     0.00974
  2750	     0.17851	     0.00859
  2800	     0.19725	     0.00896
  2850	     0.18042	     0.00837
  2900	     0.15973	     0.00777
  2950	     0.14732	     0.00734
  3000	     0.15180	     0.00728
  3050	     0.14165	     0.00693
  3100	     0.13673	     0.00667
  3150	     0.13155	     0.00647
  3200	     0.12444	     0.00617
  3250	     0.11535	     0.00585
  3300	     0.10842	     0.00561
  3350	     0.10136	     0.00535
  3400	     0.09602	     0.00516
  3450	     0.08746	     0.00479
  3500	     0.08675	     0.00474
  3550	     0.08287	     0.00456
  3600	     0.07214	     0.00418
  3650	     0.07937	     0.00431
  3700	     0.07097	     0.00403
  3750	     0.06469	     0.00381
  3800	     0.06457	     0.00375
  3850	     0.06455	     0.00371
  3900	     0.05414	     0.00335
  3950	     0.05484	     0.00328
  4000	     0.05401	     0.00325
  4050	     0.05115	     0.00310
  4100	     0.04838	     0.00297
  4150	     0.04430	     0.00282
  4200	     0.04519	     0.00284
  4250	     0.04790	     0.00290
  4300	     0.04150	     0.00265
  4350	     0.03904	     0.00254
  4400	     0.03967	     0.00255
  4450	     0.03968	     0.00252
  4500	     0.03811	     0.00241
  4550	     0.03444	     0.00227
  4600	     0.03526	     0.00226
  4650	     0.02925	     0.00205
  4700	     0.02967	     0.00204
  4750	     0.02858	     0.00197
  4800	     0.03026	     0.00202
  4850	     0.03055	     0.00203
  4900	     0.02325	     0.00171
  4950	     0.02848	     0.00190
# extra	     0.20066
# Tiny Monte Carlo by Scott Prahl (http://omlc.ogi.edu)
# 1 W Point Source Heating in Infinite Isotropic Scattering Medium
# CPU version, adapted for PEAGPGPU by Gustavo Castellano and Nicolas Wolovick
# Scattering =   20.000/cm
# Absorption =    2.000/cm
# Photons    =    32768
#
# 0.035367 seconds
# 926.516691 K photons per second
# Radius	Heat
# [microns]	[W/cm^3]	Error
     0	877085.53125	        -nan
    50	  4698.13895	    50.18621
   100	  1783.89674	    18.49387
   150	   908.22918	     9.40123
   200	   528.25873	     5.58450
   250	   331.22699	     3.63766
   300	   227.89121	     2.55234
   350	   160.38193	     1.86639
   400	   115.80670	     1.40442
   450	    88.96939	     1.10514
   500	    65.70008	     0.86605
   550	    51.94644	     0.70615
   600	    41.12754	     0.57830
   650	    33.45755	     0.48364
   700	    26.62299	     0.40253
   750	    21.55067	     0.34075
   800	    17.60993	     0.29051
   850	    14.71377	     0.25018
   900	    11.98822	     0.21435
   950	    10.35544	     0.18912
  1000	     8.32694	     0.16133
  1050	     7.34032	     0.14475
  1100	     5.97821	     0.12471
  1150	     5.33968	     0.11279
  1200	     4.55839	     0.10036
  1250	     4.07621	     0.09122
  1300	     3.55382	     0.08194
  1350	     2.95291	     0.07188
  1400	     2.66825	     0.06631
  1450	     2.29954	     0.05911
  1500	     2.02687	     0.05377
  1550	     1.85500	     0.04982
  1600	     1.58898	     0.04448
  1650	     1.36005	     0.04005
  1700	     1.28523	     0.03781
  1750	     1.14923	     0.03488
  1800	     0.99941	     0.03147
  1850	     0.97922	     0.03035
  1900	     0.81726	     0.02686
  1950	     0.75668	     0.02530
  2000	     0.68654	     0.02342
  2050	     0.61548	     0.02168
  2100	     0.55955	     0.02017
  2150	     0.53517	     0.01915
  2200	     0.44899	     0.01718
  2250	     0.41036	     0.01595
  2300	     0.37215	     0.01488
  2350	     0.37185	     0.01467
  2400	     0.34187	     0.01382
  2450	     0.33761	     0.01328
  2500	     0.30954	     0.01260
  2550	     0.26495	     0.01134
  2600	     0.27049	     0.01127
  2650	     0.22167	     0.01000
  2700	     0.20171	     0.00934
  2750	     0.20416	     0.00925
  2800	     0.19478	     0.00881
  2850	     0.18393	     0.00842
  2900	     0.16759	     0.00793
  2950	     0.14258	     0.00722
  3000	     0.15479	     0.00732
  3050	     0.14317	     0.00697
  3100	     0.13461	     0.00668
  3150	     0.12175	     0.00620
  3200	     0.11517	     0.00592
  3250	     0.10840	     0.00563
  3300	     0.10692	     0.00556
  3350	     0.10620	     0.00551
  3400	     0.08781	     0.00487
  3450	     0.09375	     0.00498
  3500	     0.08456	     0.00464
  3550	     0.08094	     0.00454
  3600	     0.08049	     0.00440
  3650	     0.07092	     0.00405
  3700	     0.07214	     0.00403
  3750	     0.06342	     0.00374
  3800	     0.06817	     0.00387
  3850	     0.06798	     0.00379
  3900	     0.06361	     0.00361
  3950	     0.05070	     0.00316
  4000	     0.04857	     0.00307
  4050	     0.05405	     0.00320
  4100	     0.05101	     0.00306
  4150	     0.04506	     0.00283
  4200	     0.04636	     0.00288
  4250	     0.04045	     0.00264
  4300	     0.04810	     0.00286
  4350	     0.04100	     0.00260
  4400	     0.03522	     0.00240
  4450	     0.03270	     0.00229
  4500	     0.03678	     0.00239
  4550	     0.03481	     0.00228
  4600	     0.03727	     0.00237
  4650	     0.02795	     0.00199
  4700	     0.02865	     0.00201
  4750	     0.03171	     0.00209
  4800	     0.03035	     0.00200
  4850	     0.02827	     0.00194
  4900	     0.02829	     0.00191
  4950	     0.02610	     0.00184
# extra	     0.20039
# Tiny Monte Carlo by Scott Prahl (http://omlc.ogi.edu)
# 1 W Point Source Heating in Infinite Isotropic Scattering Medium
# CPU version, adapted for PEAGPGPU by Gustavo Castellano and Nicolas Wolovick
# Scattering =   20.000/cm
# Absorption =    2.000/cm
# Photons    =    32768
#
# 0.037113 seconds
# 882.930640 K photons per second
# Radius	Heat
# [microns]	[W/cm^3]	Error
     0	876694.68750	        -nan
    50	  4725.65290	    50.18334
   100	  1778.23813	    18.43807
   150	   905.49253	     9.37112
   200	   530.09074	     5.57070
   250	   339.92469	     3.66104
   300	   228.72497	     2.55425
   350	   160.25885	     1.86585
   400	   117.77067	     1.41476
   450	    87.10946	     1.09275
   500	    66.78502	     0.87133
   550	    52.72898	     0.70910
   600	    40.55451	     0.57372
   650	    32.91719	     0.48115
   700	    26.61688	     0.40355
   750	    21.43751	     0.34037
   800	    17.48984	     0.28866
   850	    14.55345	     0.24898
   900	    12.32372	     0.21688
   950	     9.90510	     0.18540
  1000	     8.75328	     0.16566
  1050	     7.38464	     0.14538
  1100	     6.18937	     0.12737
  1150	     5.15619	     0.11097
  1200	     4.65593	     0.10149
  1250	     3.91063	     0.08956
  1300	     3.44933	     0.08065
  1350	     2.88991	     0.07111
  1400	     2.54852	     0.06455
  1450	     2.40357	     0.06035
  1500	     1.97759	     0.05299
  1550	     1.78998	     0.04873
  1600	     1.65489	     0.04557
  1650	     1.45381	     0.04143
  1700	     1.26486	     0.03758
  1750	     1.14787	     0.03460
  1800	     1.03770	     0.03202
  1850	     0.88470	     0.02880
  1900	     0.86209	     0.02770
  1950	     0.76961	     0.02561
  2000	     0.71199	     0.02383
  2050	     0.62592	     0.02184
  2100	     0.57505	     0.02047
  2150	     0.49139	     0.01830
  2200	     0.47562	     0.01767
  2250	     0.41825	     0.01626
  2300	     0.37614	     0.01494
  2350	     0.36946	     0.01463
  2400	     0.35560	     0.01403
  2450	     0.32122	     0.01310
  2500	     0.30334	     0.01248
  2550	     0.28125	     0.01171
  2600	     0.25444	     0.01091
  2650	     0.22244	     0.01005
  2700	     0.21100	     0.00952
  2750	     0.18977	     0.00900
  2800	     0.18802	     0.00871
  2850	     0.18720	     0.00851
  2900	     0.16539	     0.00792
  2950	     0.15326	     0.00745
  3000	     0.15847	     0.00748
  3050	     0.13675	     0.00679
  3100	     0.13206	     0.00657
  3150	     0.12205	     0.00622
  3200	     0.11912	     0.00606
  3250	     0.10910	     0.00572
  3300	     0.10999	     0.00561
  3350	     0.10153	     0.00533
  3400	     0.08974	     0.00494
  3450	     0.09708	     0.00507
  3500	     0.08487	     0.00464
  3550	     0.07583	     0.00432
  3600	     0.07998	     0.00440
  3650	     0.07682	     0.00426
  3700	     0.06157	     0.00374
  3750	     0.06738	     0.00386
  3800	     0.05724	     0.00352
  3850	     0.06279	     0.00363
  3900	     0.06238	     0.00360
  3950	     0.05482	     0.00330
  4000	     0.05582	     0.00333
  4050	     0.05461	     0.00320
  4100	     0.04853	     0.00300
  4150	     0.04712	     0.00293
  4200	     0.04595	     0.00287
  4250	     0.04126	     0.00265
  4300	     0.03945	     0.00257
  4350	     0.04049	     0.00260
  4400	     0.03843	     0.00249
  4450	     0.03451	     0.00232
  4500	     0.03866	     0.00242
  4550	     0.03468	     0.00225
  4600	     0.03116	     0.00213
  4650	     0.03145	     0.00212
  4700	     0.02698	     0.00194
  4750	     0.03313	     0.00214
  4800	     0.03070	     0.00203
  4850	     0.03066	     0.00202
  4900	     0.02655	     0.00184
  4950	     0.02276	     0.00170
# extra	     0.20030
# Tiny Monte Carlo by Scott Prahl (http://omlc.ogi.edu)
# 1 W Point Source Heating in Infinite Isotropic Scattering Medium
# CPU version, adapted for PEAGPGPU by Gustavo Castellano and Nicolas Wolovick
# Scattering =   20.000/cm
# Absorption =    2.000/cm
# Photons    =    32768
#
# 0.045239 seconds
# 724.329207 K photons per second
# Radius	Heat
# [microns]	[W/cm^3]	Error
     0	876956.71875	        -nan
    50	  4650.91406	    50.01073
   100	  1801.63261	    18.55173
   150	   907.93431	     9.38660
   200	   522.21944	     5.55327
   250	   334.53438	     3.64152
   300	   221.53792	     2.51748
   350	   161.37454	     1.86665
   400	   116.28764	     1.40591
   450	    89.87982	     1.10878
   500	    70.28151	     0.88919
   550	    53.02780	     0.70899
   600	    41.36311	     0.58012
   650	    33.35160	     0.48312
   700	    25.81766	     0.39784
   750	    21.13356	     0.33680
   800	    17.16202	     0.28608
   850	    14.55824	     0.24917
   900	    12.11403	     0.21504
   950	    10.23612	     0.18802
  1000	     8.57305	     0.16392
  1050	     7.15902	     0.14318
  1100	     6.26953	     0.12797
  1150	     5.27333	     0.11221
  1200	     4.70552	     0.10203
  1250	     3.96021	     0.08986
  1300	     3.48985	     0.08122
  1350	     3.05544	     0.07323
  1400	     2.43336	     0.06305
  1450	     2.30492	     0.05916
  1500	     2.03933	     0.05383
  1550	     1.75795	     0.04854
  1600	     1.58388	     0.04457
  1650	     1.41588	     0.04096
  1700	     1.26040	     0.03742
  1750	     1.11838	     0.03418
  1800	     1.01966	     0.03184
  1850	     0.94677	     0.02963
  1900	     0.83487	     0.02715
  1950	     0.76122	     0.02534
  2000	     0.64844	     0.02259
  2050	     0.63533	     0.02199
  2100	     0.59639	     0.02081
  2150	     0.54504	     0.01936
  2200	     0.48507	     0.01794
  2250	     0.41722	     0.01624
  2300	     0.39723	     0.01535
  2350	     0.34057	     0.01398
  2400	     0.34826	     0.01394
  2450	     0.30993	     0.01283
  2500	     0.29441	     0.01222
  2550	     0.28109	     0.01171
  2600	     0.24856	     0.01070
  2650	     0.22373	     0.01007
  2700	     0.22606	     0.00993
  2750	     0.22284	     0.00977
  2800	     0.18759	     0.00875
  2850	     0.19211	     0.00867
  2900	     0.15410	     0.00760
  2950	     0.15619	     0.00755
  3000	     0.14635	     0.00712
  3050	     0.13470	     0.00676
  3100	     0.13747	     0.00671
  3150	     0.12450	     0.00627
  3200	     0.12847	     0.00629
  3250	     0.11150	     0.00574
  3300	     0.11372	     0.00578
  3350	     0.10037	     0.00530
  3400	     0.09538	     0.00511
  3450	     0.09193	     0.00490
  3500	     0.08459	     0.00465
  3550	     0.07709	     0.00436
  3600	     0.07588	     0.00424
  3650	     0.07621	     0.00422
  3700	     0.06861	     0.00396
  3750	     0.07178	     0.00403
  3800	     0.06529	     0.00376
  3850	     0.06171	     0.00359
  3900	     0.05389	     0.00330
  3950	     0.05627	     0.00335
  4000	     0.05640	     0.00331
  4050	     0.04832	     0.00305
  4100	     0.04446	     0.00287
  4150	     0.04303	     0.00281
  4200	     0.04328	     0.00279
  4250	     0.04540	     0.00280
  4300	     0.03984	     0.00260
  4350	     0.03724	     0.00247
  4400	     0.03578	     0.00241
  4450	     0.03796	     0.00245
  4500	     0.03439	     0.00230
  4550	     0.03189	     0.00217
  4600	     0.02966	     0.00206
  4650	     0.02938	     0.00205
  4700	     0.03086	     0.00209
  4750	     0.03073	     0.00208
  4800	     0.02862	     0.00196
  4850	     0.02718	     0.00188
  4900	     0.02931	     0.00194
  4950	     0.02389	     0.00172
# extra	     0.20050
# Tiny Monte Carlo by Scott Prahl (http://omlc.ogi.edu)
# 1 W Point Source Heating in Infinite Isotropic Scattering Medium
# CPU version, adapted for PEAGPGPU by Gustavo Castellano and Nicolas Wolovick
# Scattering =   20.000/cm
# Absorption =    2.000/cm
# Photons    =    32768
#
# 0.054319 seconds
# 603.251975 K photons per second
# Radius	Heat
# [microns]	[W/cm^3]	Error
     0	878084.90625	        -nan
    50	  4635.67174	    49.92021
   100	  1767.48694	    18.38701
   150	   898.08961	     9.37247
   200	   526.69129	     5.58556
   250	   341.29472	     3.67209
   300	   229.57723	     2.55763
   350	   156.65911	     1.84861
   400	   112.73753	     1.39199
   450	    86.62388	     1.09263
   500	    67.50481	     0.87633
   550	    51.90276	     0.70401
   600	    40.59310	     0.57582
   650	    32.85206	     0.48085
   700	    27.03055	     0.40615
   750	    21.89760	     0.34335
   800	    17.52859	     0.28953
   850	    14.67936	     0.25068
   900	    11.85205	     0.21287
   950	     9.86973	     0.18468
  1000	     8.74499	     0.16559
  1050	     7.24021	     0.14405
  1100	     6.29025	     0.12839
  1150	     5.46887	     0.11429
  1200	     4.46260	     0.09959
  1250	     3.95255	     0.08995
  1300	     3.40029	     0.08012
  1350	     3.03382	     0.07323
  1400	     2.59497	     0.06532
  1450	     2.34696	     0.05987
  1500	     2.03524	     0.05397
  1550	     1.81344	     0.04924
  1600	     1.60850	     0.04484
  1650	     1.42523	     0.04107
  1700	     1.28252	     0.03789
  1750	     1.11532	     0.03403
  1800	     1.05530	     0.03235
  1850	     0.86570	     0.02842
  1900	     0.85950	     0.02773
  1950	     0.72261	     0.02460
  2000	     0.72351	     0.02404
  2050	     0.63571	     0.02195
  2100	     0.57253	     0.02040
  2150	     0.48992	     0.01829
  2200	     0.49380	     0.01803
  2250	     0.39669	     0.01573
  2300	     0.40174	     0.01564
  2350	     0.36946	     0.01467
  2400	     0.34786	     0.01394
  2450	     0.31803	     0.01301
  2500	     0.29230	     0.01220
  2550	     0.26760	     0.01137
  2600	     0.25552	     0.01092
  2650	     0.23218	     0.01019
  2700	     0.20837	     0.00951
  2750	     0.21391	     0.00949
  2800	     0.19805	     0.00898
  2850	     0.17414	     0.00823
  2900	     0.16159	     0.00773
  2950	     0.15454	     0.00742
  3000	     0.15552	     0.00737
  3050	     0.15448	     0.00726
  3100	     0.13528	     0.00665
  3150	     0.12279	     0.00628
  3200	     0.12075	     0.00612
  3250	     0.11476	     0.00579
  3300	     0.10642	     0.00556
  3350	     0.09882	     0.00529
  3400	     0.09492	     0.00510
  3450	     0.08591	     0.00477
  3500	     0.08424	     0.00465
  3550	     0.08685	     0.00467
  3600	     0.07686	     0.00426
  3650	     0.07524	     0.00423
  3700	     0.07079	     0.00404
  3750	     0.06396	     0.00378
  3800	     0.06308	     0.00368
  3850	     0.05709	     0.00346
  3900	     0.06635	     0.00370
  3950	     0.05480	     0.00331
  4000	     0.05480	     0.00328
  4050	     0.05184	     0.00317
  4100	     0.05349	     0.00316
  4150	     0.04421	     0.00282
  4200	     0.04203	     0.00272
  4250	     0.04260	     0.00271
  4300	     0.04302	     0.00271
  4350	     0.03753	     0.00248
  4400	     0.03639	     0.00243
  4450	     0.03496	     0.00236
  4500	     0.03618	     0.00236
  4550	     0.03469	     0.00230
  4600	     0.03377	     0.00222
  4650	     0.03164	     0.00212
  4700	     0.02900	     0.00204
  4750	     0.03285	     0.00214
  4800	     0.02544	     0.00187
  4850	     0.02488	     0.00181
  4900	     0.02570	     0.00184
  4950	     0.02410	     0.00174
# extra	     0.20087
