# Tiny Monte Carlo by Scott Prahl (http://omlc.ogi.edu)
# 1 W Point Source Heating in Infinite Isotropic Scattering Medium
# CPU version, adapted for PEAGPGPU by Gustavo Castellano and Nicolas Wolovick
# Scattering =   20.000/cm
# Absorption =    2.000/cm
# Photons    =    32768
#
# 0.013518 seconds
# 2424.002837 K photons per second
# Radius	Heat
# [microns]	[W/cm^3]	Error
     0	877824.00000	        -nan
    50	  4693.11077	    50.13618
   100	  1753.07782	    18.35950
   150	   905.34906	     9.44580
   200	   540.77349	     5.68091
   250	   325.44801	     3.63839
   300	   219.27973	     2.49123
   350	   157.91215	     1.85856
   400	   111.38022	     1.37897
   450	    90.47788	     1.11347
   500	    69.82278	     0.89298
   550	    52.69752	     0.71040
   600	    40.00014	     0.57477
   650	    31.68764	     0.46904
   700	    25.58986	     0.39597
   750	    22.40452	     0.34659
   800	    17.22609	     0.28670
   850	    15.61689	     0.25930
   900	    13.43642	     0.22434
   950	     9.35018	     0.18024
  1000	     8.18403	     0.16075
  1050	     6.35689	     0.13530
  1100	     6.27002	     0.12694
  1150	     5.34393	     0.11323
  1200	     4.74904	     0.10252
  1250	     4.41898	     0.09492
  1300	     3.13068	     0.07624
  1350	     2.70174	     0.06867
  1400	     2.89812	     0.06863
  1450	     2.36533	     0.05980
  1500	     2.22599	     0.05637
  1550	     1.67692	     0.04741
  1600	     1.66867	     0.04650
  1650	     1.62598	     0.04350
  1700	     1.25091	     0.03716
  1750	     1.23272	     0.03615
  1800	     1.09652	     0.03298
  1850	     0.85083	     0.02852
  1900	     0.77515	     0.02630
  1950	     0.84425	     0.02672
  2000	     0.76094	     0.02457
  2050	     0.55414	     0.02079
  2100	     0.58056	     0.02037
  2150	     0.48463	     0.01799
  2200	     0.41591	     0.01657
  2250	     0.40676	     0.01607
  2300	     0.39769	     0.01561
  2350	     0.36674	     0.01450
  2400	     0.33049	     0.01358
  2450	     0.28740	     0.01243
  2500	     0.27740	     0.01180
  2550	     0.25303	     0.01085
  2600	     0.26852	     0.01116
  2650	     0.25559	     0.01078
  2700	     0.22120	     0.00973
  2750	     0.17471	     0.00854
  2800	     0.14471	     0.00770
  2850	     0.19564	     0.00868
  2900	     0.12358	     0.00690
  2950	     0.17445	     0.00789
  3000	     0.19118	     0.00809
  3050	     0.16445	     0.00753
  3100	     0.12036	     0.00628
  3150	     0.10247	     0.00567
  3200	     0.09207	     0.00521
  3250	     0.10388	     0.00548
  3300	     0.11627	     0.00580
  3350	     0.10912	     0.00550
  3400	     0.10967	     0.00549
  3450	     0.10111	     0.00524
  3500	     0.08745	     0.00477
  3550	     0.05075	     0.00346
  3600	     0.09608	     0.00478
  3650	     0.08311	     0.00439
  3700	     0.07914	     0.00426
  3750	     0.06172	     0.00376
  3800	     0.05888	     0.00359
  3850	     0.06810	     0.00379
  3900	     0.07326	     0.00384
  3950	     0.05122	     0.00323
  4000	     0.05667	     0.00332
  4050	     0.04103	     0.00274
  4100	     0.05503	     0.00325
  4150	     0.04428	     0.00280
  4200	     0.04264	     0.00277
  4250	     0.03828	     0.00257
  4300	     0.04206	     0.00273
  4350	     0.03948	     0.00253
  4400	     0.04070	     0.00255
  4450	     0.03127	     0.00223
  4500	     0.03036	     0.00212
  4550	     0.03475	     0.00236
  4600	     0.03388	     0.00222
  4650	     0.04009	     0.00240
  4700	     0.03305	     0.00211
  4750	     0.02504	     0.00188
  4800	     0.02134	     0.00170
  4850	     0.02699	     0.00188
  4900	     0.02697	     0.00183
  4950	     0.02066	     0.00160
# extra	     0.20124
# Tiny Monte Carlo by Scott Prahl (http://omlc.ogi.edu)
# 1 W Point Source Heating in Infinite Isotropic Scattering Medium
# CPU version, adapted for PEAGPGPU by Gustavo Castellano and Nicolas Wolovick
# Scattering =   20.000/cm
# Absorption =    2.000/cm
# Photons    =    32768
#
# 0.013426 seconds
# 2440.715012 K photons per second
# Radius	Heat
# [microns]	[W/cm^3]	Error
     0	878154.56250	        -nan
    50	  4675.66699	    50.08848
   100	  1751.76177	    18.35019
   150	   901.01462	     9.43542
   200	   537.44709	     5.66975
   250	   325.08041	     3.63804
   300	   219.68264	     2.49412
   350	   157.71238	     1.85760
   400	   110.66209	     1.37549
   450	    89.84833	     1.11059
   500	    70.20681	     0.89451
   550	    52.70689	     0.71067
   600	    40.00354	     0.57488
   650	    31.54168	     0.46839
   700	    25.55091	     0.39599
   750	    22.44260	     0.34683
   800	    17.33340	     0.28773
   850	    15.65569	     0.25954
   900	    13.45084	     0.22449
   950	     9.31483	     0.17999
  1000	     8.19251	     0.16079
  1050	     6.39517	     0.13560
  1100	     6.25556	     0.12683
  1150	     5.34454	     0.11330
  1200	     4.76549	     0.10280
  1250	     4.41110	     0.09489
  1300	     3.16486	     0.07671
  1350	     2.73234	     0.06903
  1400	     2.88162	     0.06856
  1450	     2.39786	     0.06023
  1500	     2.21930	     0.05626
  1550	     1.66743	     0.04729
  1600	     1.66746	     0.04648
  1650	     1.61099	     0.04328
  1700	     1.27387	     0.03748
  1750	     1.22424	     0.03606
  1800	     1.09204	     0.03292
  1850	     0.84226	     0.02837
  1900	     0.77581	     0.02633
  1950	     0.84338	     0.02673
  2000	     0.76878	     0.02470
  2050	     0.55557	     0.02080
  2100	     0.57684	     0.02030
  2150	     0.48337	     0.01798
  2200	     0.41183	     0.01647
  2250	     0.40471	     0.01602
  2300	     0.39553	     0.01556
  2350	     0.37052	     0.01457
  2400	     0.33295	     0.01364
  2450	     0.29084	     0.01251
  2500	     0.27925	     0.01183
  2550	     0.25366	     0.01086
  2600	     0.26478	     0.01108
  2650	     0.25565	     0.01079
  2700	     0.22275	     0.00976
  2750	     0.17408	     0.00855
  2800	     0.14246	     0.00764
  2850	     0.19375	     0.00866
  2900	     0.12810	     0.00703
  2950	     0.17492	     0.00790
  3000	     0.19206	     0.00811
  3050	     0.16385	     0.00752
  3100	     0.11836	     0.00623
  3150	     0.10210	     0.00565
  3200	     0.09190	     0.00522
  3250	     0.10340	     0.00546
  3300	     0.11604	     0.00579
  3350	     0.10944	     0.00551
  3400	     0.11154	     0.00554
  3450	     0.10158	     0.00525
  3500	     0.08785	     0.00478
  3550	     0.05124	     0.00348
  3600	     0.09566	     0.00477
  3650	     0.08468	     0.00443
  3700	     0.08028	     0.00429
  3750	     0.06162	     0.00376
  3800	     0.05910	     0.00360
  3850	     0.06731	     0.00378
  3900	     0.07284	     0.00383
  3950	     0.05169	     0.00324
  4000	     0.05694	     0.00333
  4050	     0.04133	     0.00274
  4100	     0.05481	     0.00324
  4150	     0.04422	     0.00280
  4200	     0.04240	     0.00277
  4250	     0.03762	     0.00255
  4300	     0.04202	     0.00273
  4350	     0.03868	     0.00250
  4400	     0.04082	     0.00255
  4450	     0.03203	     0.00225
  4500	     0.03042	     0.00213
  4550	     0.03586	     0.00240
  4600	     0.03472	     0.00224
  4650	     0.03936	     0.00238
  4700	     0.03332	     0.00212
  4750	     0.02478	     0.00187
  4800	     0.02142	     0.00171
  4850	     0.02716	     0.00189
  4900	     0.02639	     0.00181
  4950	     0.02119	     0.00162
# extra	     0.20130
# Tiny Monte Carlo by Scott Prahl (http://omlc.ogi.edu)
# 1 W Point Source Heating in Infinite Isotropic Scattering Medium
# CPU version, adapted for PEAGPGPU by Gustavo Castellano and Nicolas Wolovick
# Scattering =   20.000/cm
# Absorption =    2.000/cm
# Photons    =    32768
#
# 0.011773 seconds
# 2783.312558 K photons per second
# Radius	Heat
# [microns]	[W/cm^3]	Error
     0	877834.59375	        -nan
    50	  4693.35100	    50.13854
   100	  1752.95662	    18.35841
   150	   905.24145	     9.44550
   200	   540.89130	     5.68116
   250	   325.39988	     3.63821
   300	   219.24524	     2.49109
   350	   157.95948	     1.85874
   400	   111.35803	     1.37885
   450	    90.47788	     1.11347
   500	    69.81880	     0.89292
   550	    52.69752	     0.71040
   600	    40.01144	     0.57486
   650	    31.66915	     0.46890
   700	    25.58986	     0.39597
   750	    22.40452	     0.34659
   800	    17.22609	     0.28670
   850	    15.61689	     0.25930
   900	    13.43254	     0.22432
   950	     9.35018	     0.18024
  1000	     8.18403	     0.16075
  1050	     6.35689	     0.13530
  1100	     6.27002	     0.12694
  1150	     5.34128	     0.11320
  1200	     4.74904	     0.10252
  1250	     4.42169	     0.09495
  1300	     3.13068	     0.07624
  1350	     2.69962	     0.06864
  1400	     2.90010	     0.06866
  1450	     2.36394	     0.05978
  1500	     2.22492	     0.05636
  1550	     1.67692	     0.04741
  1600	     1.66867	     0.04650
  1650	     1.62598	     0.04350
  1700	     1.25091	     0.03716
  1750	     1.23272	     0.03615
  1800	     1.09543	     0.03297
  1850	     0.85083	     0.02852
  1900	     0.77515	     0.02630
  1950	     0.84518	     0.02674
  2000	     0.76094	     0.02457
  2050	     0.55414	     0.02079
  2100	     0.57982	     0.02036
  2150	     0.48463	     0.01799
  2200	     0.41591	     0.01657
  2250	     0.40676	     0.01607
  2300	     0.39830	     0.01562
  2350	     0.36674	     0.01450
  2400	     0.33049	     0.01358
  2450	     0.28740	     0.01243
  2500	     0.27740	     0.01180
  2550	     0.25303	     0.01085
  2600	     0.26852	     0.01116
  2650	     0.25559	     0.01078
  2700	     0.22120	     0.00973
  2750	     0.17471	     0.00854
  2800	     0.14471	     0.00770
  2850	     0.19564	     0.00868
  2900	     0.12358	     0.00690
  2950	     0.17445	     0.00789
  3000	     0.19118	     0.00809
  3050	     0.16445	     0.00753
  3100	     0.12036	     0.00628
  3150	     0.10247	     0.00567
  3200	     0.09229	     0.00521
  3250	     0.10388	     0.00548
  3300	     0.11627	     0.00580
  3350	     0.10912	     0.00550
  3400	     0.10967	     0.00549
  3450	     0.10111	     0.00524
  3500	     0.08745	     0.00477
  3550	     0.05075	     0.00346
  3600	     0.09638	     0.00479
  3650	     0.08311	     0.00439
  3700	     0.07895	     0.00425
  3750	     0.06172	     0.00376
  3800	     0.05888	     0.00359
  3850	     0.06810	     0.00379
  3900	     0.07326	     0.00384
  3950	     0.05122	     0.00323
  4000	     0.05667	     0.00332
  4050	     0.04103	     0.00274
  4100	     0.05503	     0.00325
  4150	     0.04428	     0.00280
  4200	     0.04264	     0.00277
  4250	     0.03828	     0.00257
  4300	     0.04206	     0.00273
  4350	     0.03948	     0.00253
  4400	     0.04059	     0.00254
  4450	     0.03127	     0.00223
  4500	     0.03036	     0.00212
  4550	     0.03475	     0.00236
  4600	     0.03388	     0.00222
  4650	     0.04009	     0.00240
  4700	     0.03305	     0.00211
  4750	     0.02504	     0.00188
  4800	     0.02134	     0.00170
  4850	     0.02699	     0.00188
  4900	     0.02697	     0.00183
  4950	     0.02066	     0.00160
# extra	     0.20124
# Tiny Monte Carlo by Scott Prahl (http://omlc.ogi.edu)
# 1 W Point Source Heating in Infinite Isotropic Scattering Medium
# CPU version, adapted for PEAGPGPU by Gustavo Castellano and Nicolas Wolovick
# Scattering =   20.000/cm
# Absorption =    2.000/cm
# Photons    =    32768
#
# 0.012595 seconds
# 2601.673321 K photons per second
# Radius	Heat
# [microns]	[W/cm^3]	Error
     0	878223.37500	        -nan
    50	  4683.88979	    50.09447
   100	  1749.24101	    18.34875
   150	   903.48847	     9.44432
   200	   538.28844	     5.67218
   250	   325.29544	     3.63856
   300	   218.28599	     2.48809
   350	   157.13866	     1.85514
   400	   111.27548	     1.37844
   450	    90.19077	     1.11223
   500	    69.76475	     0.89275
   550	    52.59310	     0.70983
   600	    39.96194	     0.57461
   650	    31.75195	     0.46959
   700	    25.59199	     0.39627
   750	    22.40935	     0.34668
   800	    17.29940	     0.28737
   850	    15.60801	     0.25944
   900	    13.46350	     0.22461
   950	     9.32508	     0.18008
  1000	     8.19898	     0.16094
  1050	     6.35570	     0.13528
  1100	     6.27319	     0.12698
  1150	     5.35450	     0.11334
  1200	     4.74149	     0.10248
  1250	     4.39775	     0.09468
  1300	     3.13068	     0.07624
  1350	     2.70811	     0.06876
  1400	     2.89103	     0.06862
  1450	     2.38929	     0.06011
  1500	     2.23028	     0.05640
  1550	     1.68179	     0.04751
  1600	     1.66867	     0.04650
  1650	     1.62598	     0.04350
  1700	     1.25735	     0.03727
  1750	     1.22582	     0.03608
  1800	     1.09881	     0.03302
  1850	     0.85115	     0.02855
  1900	     0.78056	     0.02640
  1950	     0.84144	     0.02667
  2000	     0.76968	     0.02471
  2050	     0.55414	     0.02079
  2100	     0.58350	     0.02042
  2150	     0.48463	     0.01799
  2200	     0.41591	     0.01657
  2250	     0.40411	     0.01603
  2300	     0.39585	     0.01558
  2350	     0.36625	     0.01450
  2400	     0.32974	     0.01356
  2450	     0.28799	     0.01244
  2500	     0.27740	     0.01180
  2550	     0.25303	     0.01085
  2600	     0.26852	     0.01116
  2650	     0.25559	     0.01078
  2700	     0.22120	     0.00973
  2750	     0.17122	     0.00847
  2800	     0.14471	     0.00770
  2850	     0.19461	     0.00867
  2900	     0.12358	     0.00690
  2950	     0.17445	     0.00789
  3000	     0.19118	     0.00809
  3050	     0.16445	     0.00753
  3100	     0.12036	     0.00628
  3150	     0.10247	     0.00567
  3200	     0.09141	     0.00520
  3250	     0.10388	     0.00548
  3300	     0.11627	     0.00580
  3350	     0.10912	     0.00550
  3400	     0.11109	     0.00553
  3450	     0.10111	     0.00524
  3500	     0.08745	     0.00477
  3550	     0.05075	     0.00346
  3600	     0.09516	     0.00475
  3650	     0.08311	     0.00439
  3700	     0.07994	     0.00427
  3750	     0.06172	     0.00376
  3800	     0.05888	     0.00359
  3850	     0.06810	     0.00379
  3900	     0.07326	     0.00384
  3950	     0.05138	     0.00323
  4000	     0.05667	     0.00332
  4050	     0.04103	     0.00274
  4100	     0.05453	     0.00324
  4150	     0.04407	     0.00280
  4200	     0.04264	     0.00277
  4250	     0.03753	     0.00255
  4300	     0.04313	     0.00277
  4350	     0.03948	     0.00253
  4400	     0.04116	     0.00256
  4450	     0.03203	     0.00226
  4500	     0.03036	     0.00212
  4550	     0.03475	     0.00236
  4600	     0.03388	     0.00222
  4650	     0.04009	     0.00240
  4700	     0.03305	     0.00211
  4750	     0.02504	     0.00188
  4800	     0.02191	     0.00173
  4850	     0.02699	     0.00188
  4900	     0.02697	     0.00183
  4950	     0.02066	     0.00160
# extra	     0.20134
# Tiny Monte Carlo by Scott Prahl (http://omlc.ogi.edu)
# 1 W Point Source Heating in Infinite Isotropic Scattering Medium
# CPU version, adapted for PEAGPGPU by Gustavo Castellano and Nicolas Wolovick
# Scattering =   20.000/cm
# Absorption =    2.000/cm
# Photons    =    32768
#
# 0.013988 seconds
# 2342.538994 K photons per second
# Radius	Heat
# [microns]	[W/cm^3]	Error
     0	877814.71875	        -nan
    50	  4677.29339	    50.08835
   100	  1754.06142	    18.35556
   150	   903.65522	     9.44168
   200	   538.57219	     5.67424
   250	   326.99317	     3.64530
   300	   220.12198	     2.49548
   350	   157.53741	     1.85665
   400	   110.69541	     1.37551
   450	    89.94542	     1.11094
   500	    70.19091	     0.89436
   550	    52.75414	     0.71079
   600	    39.92934	     0.57430
   650	    31.60204	     0.46859
   700	    25.60793	     0.39632
   750	    22.51746	     0.34734
   800	    17.35028	     0.28777
   850	    15.61289	     0.25917
   900	    13.44358	     0.22440
   950	     9.31587	     0.17990
  1000	     8.21079	     0.16095
  1050	     6.41208	     0.13578
  1100	     6.24636	     0.12675
  1150	     5.34260	     0.11325
  1200	     4.76267	     0.10271
  1250	     4.41632	     0.09492
  1300	     3.17129	     0.07680
  1350	     2.73704	     0.06914
  1400	     2.87357	     0.06843
  1450	     2.39543	     0.06019
  1500	     2.23072	     0.05640
  1550	     1.66640	     0.04727
  1600	     1.66833	     0.04647
  1650	     1.60866	     0.04327
  1700	     1.26917	     0.03741
  1750	     1.23165	     0.03615
  1800	     1.08339	     0.03279
  1850	     0.84124	     0.02834
  1900	     0.76940	     0.02620
  1950	     0.84416	     0.02675
  2000	     0.76543	     0.02466
  2050	     0.55483	     0.02079
  2100	     0.57437	     0.02025
  2150	     0.48344	     0.01798
  2200	     0.40939	     0.01644
  2250	     0.40416	     0.01600
  2300	     0.39670	     0.01559
  2350	     0.37288	     0.01461
  2400	     0.33226	     0.01362
  2450	     0.28983	     0.01249
  2500	     0.27819	     0.01181
  2550	     0.25406	     0.01087
  2600	     0.26448	     0.01107
  2650	     0.25637	     0.01080
  2700	     0.22229	     0.00975
  2750	     0.17560	     0.00858
  2800	     0.14291	     0.00765
  2850	     0.19368	     0.00866
  2900	     0.12877	     0.00704
  2950	     0.17571	     0.00792
  3000	     0.19087	     0.00808
  3050	     0.16573	     0.00755
  3100	     0.11829	     0.00623
  3150	     0.10212	     0.00566
  3200	     0.09200	     0.00522
  3250	     0.10243	     0.00543
  3300	     0.11570	     0.00579
  3350	     0.10874	     0.00548
  3400	     0.11186	     0.00555
  3450	     0.10166	     0.00525
  3500	     0.08708	     0.00476
  3550	     0.05132	     0.00348
  3600	     0.09560	     0.00477
  3650	     0.08402	     0.00441
  3700	     0.07978	     0.00427
  3750	     0.06162	     0.00376
  3800	     0.05915	     0.00360
  3850	     0.06721	     0.00377
  3900	     0.07313	     0.00384
  3950	     0.05150	     0.00323
  4000	     0.05833	     0.00337
  4050	     0.04163	     0.00276
  4100	     0.05484	     0.00324
  4150	     0.04488	     0.00282
  4200	     0.04228	     0.00277
  4250	     0.03843	     0.00258
  4300	     0.04155	     0.00271
  4350	     0.03854	     0.00250
  4400	     0.04082	     0.00255
  4450	     0.03200	     0.00225
  4500	     0.03047	     0.00213
  4550	     0.03572	     0.00240
  4600	     0.03491	     0.00225
  4650	     0.03962	     0.00238
  4700	     0.03357	     0.00213
  4750	     0.02478	     0.00187
  4800	     0.02138	     0.00171
  4850	     0.02686	     0.00188
  4900	     0.02595	     0.00179
  4950	     0.02120	     0.00162
# extra	     0.20121
# Tiny Monte Carlo by Scott Prahl (http://omlc.ogi.edu)
# 1 W Point Source Heating in Infinite Isotropic Scattering Medium
# CPU version, adapted for PEAGPGPU by Gustavo Castellano and Nicolas Wolovick
# Scattering =   20.000/cm
# Absorption =    2.000/cm
# Photons    =    32768
#
# 0.011297 seconds
# 2900.473949 K photons per second
# Radius	Heat
# [microns]	[W/cm^3]	Error
     0	877873.12500	        -nan
    50	  4691.40988	    50.13084
   100	  1752.51270	    18.35696
   150	   904.99947	     9.44558
   200	   540.68526	     5.68047
   250	   325.34147	     3.63814
   300	   219.14044	     2.49081
   350	   157.88759	     1.85842
   400	   111.33583	     1.37872
   450	    90.47247	     1.11351
   500	    69.80425	     0.89284
   550	    52.68923	     0.71037
   600	    40.01510	     0.57492
   650	    31.66915	     0.46890
   700	    25.58163	     0.39595
   750	    22.41059	     0.34663
   800	    17.23603	     0.28680
   850	    15.61175	     0.25929
   900	    13.43254	     0.22432
   950	     9.34669	     0.18022
  1000	     8.18702	     0.16078
  1050	     6.35689	     0.13530
  1100	     6.27002	     0.12694
  1150	     5.34128	     0.11320
  1200	     4.74904	     0.10252
  1250	     4.42169	     0.09495
  1300	     3.13068	     0.07624
  1350	     2.69962	     0.06864
  1400	     2.90079	     0.06868
  1450	     2.36628	     0.05982
  1500	     2.22492	     0.05636
  1550	     1.67660	     0.04741
  1600	     1.66867	     0.04650
  1650	     1.62598	     0.04350
  1700	     1.25091	     0.03716
  1750	     1.23272	     0.03615
  1800	     1.09543	     0.03297
  1850	     0.85035	     0.02852
  1900	     0.77623	     0.02632
  1950	     0.84518	     0.02674
  2000	     0.76161	     0.02457
  2050	     0.55414	     0.02079
  2100	     0.57982	     0.02036
  2150	     0.48463	     0.01799
  2200	     0.41591	     0.01657
  2250	     0.40623	     0.01607
  2300	     0.39830	     0.01562
  2350	     0.36674	     0.01450
  2400	     0.33049	     0.01358
  2450	     0.28740	     0.01243
  2500	     0.27740	     0.01180
  2550	     0.25303	     0.01085
  2600	     0.26852	     0.01116
  2650	     0.25559	     0.01078
  2700	     0.22120	     0.00973
  2750	     0.17471	     0.00854
  2800	     0.14471	     0.00770
  2850	     0.19564	     0.00868
  2900	     0.12358	     0.00690
  2950	     0.17445	     0.00789
  3000	     0.19118	     0.00809
  3050	     0.16445	     0.00753
  3100	     0.12036	     0.00628
  3150	     0.10247	     0.00567
  3200	     0.09229	     0.00521
  3250	     0.10388	     0.00548
  3300	     0.11627	     0.00580
  3350	     0.10912	     0.00550
  3400	     0.10996	     0.00550
  3450	     0.10111	     0.00524
  3500	     0.08745	     0.00477
  3550	     0.05075	     0.00346
  3600	     0.09638	     0.00479
  3650	     0.08311	     0.00439
  3700	     0.07895	     0.00425
  3750	     0.06172	     0.00376
  3800	     0.05888	     0.00359
  3850	     0.06810	     0.00379
  3900	     0.07326	     0.00384
  3950	     0.05122	     0.00323
  4000	     0.05667	     0.00332
  4050	     0.04103	     0.00274
  4100	     0.05493	     0.00325
  4150	     0.04424	     0.00280
  4200	     0.04264	     0.00277
  4250	     0.03828	     0.00257
  4300	     0.04227	     0.00273
  4350	     0.03948	     0.00253
  4400	     0.04059	     0.00254
  4450	     0.03142	     0.00224
  4500	     0.03036	     0.00212
  4550	     0.03475	     0.00236
  4600	     0.03388	     0.00222
  4650	     0.04009	     0.00240
  4700	     0.03305	     0.00211
  4750	     0.02504	     0.00188
  4800	     0.02134	     0.00170
  4850	     0.02699	     0.00188
  4900	     0.02697	     0.00183
  4950	     0.02066	     0.00160
# extra	     0.20125
# Tiny Monte Carlo by Scott Prahl (http://omlc.ogi.edu)
# 1 W Point Source Heating in Infinite Isotropic Scattering Medium
# CPU version, adapted for PEAGPGPU by Gustavo Castellano and Nicolas Wolovick
# Scattering =   20.000/cm
# Absorption =    2.000/cm
# Photons    =    32768
#
# 0.011929 seconds
# 2747.007240 K photons per second
# Radius	Heat
# [microns]	[W/cm^3]	Error
     0	878025.18750	        -nan
    50	  4687.04757	    50.11069
   100	  1750.96335	    18.35301
   150	   904.29817	     9.44511
   200	   539.56223	     5.67661
   250	   325.21495	     3.63789
   300	   218.81741	     2.48991
   350	   157.54034	     1.85691
   400	   111.33216	     1.37868
   450	    90.35763	     1.11301
   500	    69.78866	     0.89286
   550	    52.67045	     0.71028
   600	    39.95462	     0.57450
   650	    31.74993	     0.46944
   700	    25.59724	     0.39616
   750	    22.40184	     0.34659
   800	    17.26771	     0.28708
   850	    15.58640	     0.25917
   900	    13.45318	     0.22452
   950	     9.34172	     0.18019
  1000	     8.19300	     0.16086
  1050	     6.35450	     0.13526
  1100	     6.27636	     0.12701
  1150	     5.34657	     0.11325
  1200	     4.74602	     0.10251
  1250	     4.40806	     0.09481
  1300	     3.13068	     0.07624
  1350	     2.70386	     0.06870
  1400	     2.89637	     0.06865
  1450	     2.37709	     0.05996
  1500	     2.22706	     0.05637
  1550	     1.67920	     0.04746
  1600	     1.66867	     0.04650
  1650	     1.62598	     0.04350
  1700	     1.25300	     0.03719
  1750	     1.23424	     0.03620
  1800	     1.09562	     0.03297
  1850	     0.84919	     0.02851
  1900	     0.77840	     0.02636
  1950	     0.84331	     0.02670
  2000	     0.76591	     0.02464
  2050	     0.55414	     0.02079
  2100	     0.58129	     0.02038
  2150	     0.48463	     0.01799
  2200	     0.41591	     0.01657
  2250	     0.40517	     0.01605
  2300	     0.39707	     0.01560
  2350	     0.36577	     0.01449
  2400	     0.32899	     0.01354
  2450	     0.28859	     0.01246
  2500	     0.27740	     0.01180
  2550	     0.25303	     0.01085
  2600	     0.26852	     0.01116
  2650	     0.25559	     0.01078
  2700	     0.22120	     0.00973
  2750	     0.17331	     0.00851
  2800	     0.14471	     0.00770
  2850	     0.19522	     0.00868
  2900	     0.12358	     0.00690
  2950	     0.17445	     0.00789
  3000	     0.19118	     0.00809
  3050	     0.16445	     0.00753
  3100	     0.12036	     0.00628
  3150	     0.10247	     0.00567
  3200	     0.09185	     0.00520
  3250	     0.10388	     0.00548
  3300	     0.11627	     0.00580
  3350	     0.10912	     0.00550
  3400	     0.11052	     0.00551
  3450	     0.10111	     0.00524
  3500	     0.08745	     0.00477
  3550	     0.05075	     0.00346
  3600	     0.09577	     0.00477
  3650	     0.08311	     0.00439
  3700	     0.07934	     0.00426
  3750	     0.06172	     0.00376
  3800	     0.05888	     0.00359
  3850	     0.06810	     0.00379
  3900	     0.07326	     0.00384
  3950	     0.05154	     0.00324
  4000	     0.05667	     0.00332
  4050	     0.04103	     0.00274
  4100	     0.05473	     0.00325
  4150	     0.04415	     0.00280
  4200	     0.04264	     0.00277
  4250	     0.03798	     0.00256
  4300	     0.04270	     0.00275
  4350	     0.03948	     0.00253
  4400	     0.04082	     0.00255
  4450	     0.03172	     0.00225
  4500	     0.03036	     0.00212
  4550	     0.03475	     0.00236
  4600	     0.03388	     0.00222
  4650	     0.04009	     0.00240
  4700	     0.03305	     0.00211
  4750	     0.02504	     0.00188
  4800	     0.02163	     0.00171
  4850	     0.02699	     0.00188
  4900	     0.02697	     0.00183
  4950	     0.02066	     0.00160
# extra	     0.20129
# Tiny Monte Carlo by Scott Prahl (http://omlc.ogi.edu)
# 1 W Point Source Heating in Infinite Isotropic Scattering Medium
# CPU version, adapted for PEAGPGPU by Gustavo Castellano and Nicolas Wolovick
# Scattering =   20.000/cm
# Absorption =    2.000/cm
# Photons    =    32768
#
# 0.012135 seconds
# 2700.267281 K photons per second
# Radius	Heat
# [microns]	[W/cm^3]	Error
     0	878138.62500	        -nan
    50	  4683.55957	    50.10953
   100	  1753.59205	    18.36182
   150	   904.15453	     9.44789
   200	   538.32888	     5.67352
   250	   324.56524	     3.63573
   300	   218.87026	     2.49065
   350	   157.17841	     1.85496
   400	   110.94955	     1.37708
   450	    89.98123	     1.11108
   500	    70.05163	     0.89415
   550	    52.72981	     0.71076
   600	    40.05594	     0.57515
   650	    31.66848	     0.46889
   700	    25.55799	     0.39593
   750	    22.44031	     0.34689
   800	    17.28117	     0.28715
   850	    15.59722	     0.25915
   900	    13.46604	     0.22461
   950	     9.35655	     0.18039
  1000	     8.18225	     0.16069
  1050	     6.34839	     0.13513
  1100	     6.25462	     0.12681
  1150	     5.35624	     0.11338
  1200	     4.76988	     0.10279
  1250	     4.41138	     0.09485
  1300	     3.14088	     0.07636
  1350	     2.71351	     0.06881
  1400	     2.89401	     0.06869
  1450	     2.39294	     0.06017
  1500	     2.22587	     0.05636
  1550	     1.68351	     0.04752
  1600	     1.66993	     0.04652
  1650	     1.61935	     0.04341
  1700	     1.25463	     0.03722
  1750	     1.22634	     0.03610
  1800	     1.09492	     0.03295
  1850	     0.84738	     0.02846
  1900	     0.78132	     0.02640
  1950	     0.84061	     0.02667
  2000	     0.76798	     0.02470
  2050	     0.55437	     0.02078
  2100	     0.58352	     0.02042
  2150	     0.48388	     0.01798
  2200	     0.41291	     0.01649
  2250	     0.40566	     0.01605
  2300	     0.39911	     0.01563
  2350	     0.37020	     0.01456
  2400	     0.32899	     0.01354
  2450	     0.28834	     0.01245
  2500	     0.27608	     0.01176
  2550	     0.25448	     0.01088
  2600	     0.26338	     0.01104
  2650	     0.25353	     0.01075
  2700	     0.22155	     0.00972
  2750	     0.17324	     0.00852
  2800	     0.14359	     0.00766
  2850	     0.19688	     0.00872
  2900	     0.12572	     0.00697
  2950	     0.17418	     0.00789
  3000	     0.19224	     0.00811
  3050	     0.16410	     0.00752
  3100	     0.11936	     0.00626
  3150	     0.10266	     0.00568
  3200	     0.09141	     0.00520
  3250	     0.10404	     0.00548
  3300	     0.11555	     0.00578
  3350	     0.10946	     0.00551
  3400	     0.11118	     0.00553
  3450	     0.10055	     0.00522
  3500	     0.08735	     0.00476
  3550	     0.05117	     0.00347
  3600	     0.09647	     0.00479
  3650	     0.08402	     0.00442
  3700	     0.07964	     0.00427
  3750	     0.06195	     0.00377
  3800	     0.05923	     0.00360
  3850	     0.06726	     0.00377
  3900	     0.07305	     0.00383
  3950	     0.05108	     0.00322
  4000	     0.05735	     0.00334
  4050	     0.04107	     0.00274
  4100	     0.05468	     0.00325
  4150	     0.04413	     0.00280
  4200	     0.04243	     0.00277
  4250	     0.03760	     0.00255
  4300	     0.04213	     0.00273
  4350	     0.03916	     0.00252
  4400	     0.04158	     0.00257
  4450	     0.03198	     0.00225
  4500	     0.03036	     0.00212
  4550	     0.03551	     0.00239
  4600	     0.03441	     0.00223
  4650	     0.03983	     0.00239
  4700	     0.03295	     0.00211
  4750	     0.02470	     0.00187
  4800	     0.02167	     0.00172
  4850	     0.02687	     0.00187
  4900	     0.02670	     0.00182
  4950	     0.02074	     0.00161
# extra	     0.20129
# Tiny Monte Carlo by Scott Prahl (http://omlc.ogi.edu)
# 1 W Point Source Heating in Infinite Isotropic Scattering Medium
# CPU version, adapted for PEAGPGPU by Gustavo Castellano and Nicolas Wolovick
# Scattering =   20.000/cm
# Absorption =    2.000/cm
# Photons    =    32768
#
# 0.014213 seconds
# 2305.433657 K photons per second
# Radius	Heat
# [microns]	[W/cm^3]	Error
     0	877861.78125	        -nan
    50	  4671.87012	    50.07126
   100	  1753.88024	    18.35658
   150	   903.75024	     9.44359
   200	   539.02513	     5.67669
   250	   325.89580	     3.64084
   300	   220.26902	     2.49594
   350	   157.82114	     1.85799
   400	   110.79195	     1.37609
   450	    89.98168	     1.11119
   500	    70.15924	     0.89423
   550	    52.75202	     0.71088
   600	    39.96369	     0.57452
   650	    31.55092	     0.46837
   700	    25.54787	     0.39586
   750	    22.46919	     0.34702
   800	    17.32237	     0.28759
   850	    15.63090	     0.25926
   900	    13.44875	     0.22445
   950	     9.32646	     0.18003
  1000	     8.20933	     0.16093
  1050	     6.39974	     0.13565
  1100	     6.25402	     0.12683
  1150	     5.34059	     0.11324
  1200	     4.76691	     0.10279
  1250	     4.41404	     0.09492
  1300	     3.16261	     0.07668
  1350	     2.73930	     0.06915
  1400	     2.87973	     0.06851
  1450	     2.39720	     0.06021
  1500	     2.22088	     0.05627
  1550	     1.66538	     0.04725
  1600	     1.66820	     0.04648
  1650	     1.60798	     0.04325
  1700	     1.26881	     0.03739
  1750	     1.23682	     0.03622
  1800	     1.09155	     0.03290
  1850	     0.83982	     0.02833
  1900	     0.77248	     0.02626
  1950	     0.84352	     0.02674
  2000	     0.76348	     0.02462
  2050	     0.55457	     0.02078
  2100	     0.57965	     0.02035
  2150	     0.48174	     0.01795
  2200	     0.41109	     0.01646
  2250	     0.40441	     0.01601
  2300	     0.39577	     0.01557
  2350	     0.37170	     0.01459
  2400	     0.33164	     0.01360
  2450	     0.28999	     0.01249
  2500	     0.27921	     0.01183
  2550	     0.25366	     0.01086
  2600	     0.26500	     0.01108
  2650	     0.25600	     0.01079
  2700	     0.22193	     0.00974
  2750	     0.17695	     0.00861
  2800	     0.14322	     0.00765
  2850	     0.19401	     0.00866
  2900	     0.12771	     0.00702
  2950	     0.17476	     0.00790
  3000	     0.19162	     0.00810
  3050	     0.16364	     0.00751
  3100	     0.11775	     0.00622
  3150	     0.10250	     0.00567
  3200	     0.09147	     0.00521
  3250	     0.10257	     0.00544
  3300	     0.11604	     0.00579
  3350	     0.10874	     0.00548
  3400	     0.11124	     0.00553
  3450	     0.10179	     0.00525
  3500	     0.08755	     0.00477
  3550	     0.05132	     0.00348
  3600	     0.09518	     0.00476
  3650	     0.08482	     0.00443
  3700	     0.08015	     0.00428
  3750	     0.06173	     0.00377
  3800	     0.05958	     0.00361
  3850	     0.06708	     0.00377
  3900	     0.07325	     0.00384
  3950	     0.05150	     0.00323
  4000	     0.05717	     0.00333
  4050	     0.04141	     0.00275
  4100	     0.05491	     0.00325
  4150	     0.04442	     0.00281
  4200	     0.04232	     0.00276
  4250	     0.03839	     0.00258
  4300	     0.04173	     0.00272
  4350	     0.03854	     0.00250
  4400	     0.04094	     0.00255
  4450	     0.03190	     0.00224
  4500	     0.03058	     0.00213
  4550	     0.03586	     0.00240
  4600	     0.03489	     0.00225
  4650	     0.03936	     0.00238
  4700	     0.03344	     0.00213
  4750	     0.02478	     0.00187
  4800	     0.02120	     0.00170
  4850	     0.02716	     0.00189
  4900	     0.02628	     0.00181
  4950	     0.02119	     0.00162
# extra	     0.20123
# Tiny Monte Carlo by Scott Prahl (http://omlc.ogi.edu)
# 1 W Point Source Heating in Infinite Isotropic Scattering Medium
# CPU version, adapted for PEAGPGPU by Gustavo Castellano and Nicolas Wolovick
# Scattering =   20.000/cm
# Absorption =    2.000/cm
# Photons    =    32768
#
# 0.014303 seconds
# 2291.007446 K photons per second
# Radius	Heat
# [microns]	[W/cm^3]	Error
     0	877369.87500	        -nan
    50	  4687.87626	    50.10439
   100	  1761.18519	    18.37201
   150	   906.50288	     9.44995
   200	   540.18106	     5.67901
   250	   327.84851	     3.64781
   300	   221.12229	     2.49959
   350	   158.41781	     1.86088
   400	   110.51734	     1.37506
   450	    90.04034	     1.11097
   500	    70.25737	     0.89465
   550	    52.80209	     0.71100
   600	    39.86931	     0.57408
   650	    31.75220	     0.46985
   700	    25.70505	     0.39685
   750	    22.43144	     0.34646
   800	    17.33839	     0.28776
   850	    15.53283	     0.25852
   900	    13.34279	     0.22350
   950	     9.34376	     0.18008
  1000	     8.25696	     0.16137
  1050	     6.46471	     0.13609
  1100	     6.22415	     0.12650
  1150	     5.35603	     0.11339
  1200	     4.76504	     0.10270
  1250	     4.37823	     0.09462
  1300	     3.17669	     0.07684
  1350	     2.72690	     0.06901
  1400	     2.85587	     0.06823
  1450	     2.36832	     0.05980
  1500	     2.22753	     0.05635
  1550	     1.69316	     0.04766
  1600	     1.67012	     0.04640
  1650	     1.58821	     0.04304
  1700	     1.27253	     0.03744
  1750	     1.23847	     0.03622
  1800	     1.08394	     0.03277
  1850	     0.84177	     0.02833
  1900	     0.77603	     0.02630
  1950	     0.84064	     0.02672
  2000	     0.75966	     0.02454
  2050	     0.55488	     0.02077
  2100	     0.58405	     0.02045
  2150	     0.47618	     0.01784
  2200	     0.41062	     0.01647
  2250	     0.40924	     0.01610
  2300	     0.40493	     0.01575
  2350	     0.37072	     0.01457
  2400	     0.33153	     0.01361
  2450	     0.28854	     0.01246
  2500	     0.27671	     0.01177
  2550	     0.25470	     0.01088
  2600	     0.26489	     0.01109
  2650	     0.25226	     0.01071
  2700	     0.22238	     0.00975
  2750	     0.17995	     0.00869
  2800	     0.14297	     0.00765
  2850	     0.19336	     0.00864
  2900	     0.12749	     0.00702
  2950	     0.17611	     0.00792
  3000	     0.18964	     0.00806
  3050	     0.16460	     0.00752
  3100	     0.11585	     0.00617
  3150	     0.10266	     0.00568
  3200	     0.09244	     0.00523
  3250	     0.10462	     0.00550
  3300	     0.11677	     0.00581
  3350	     0.10838	     0.00547
  3400	     0.11153	     0.00554
  3450	     0.09918	     0.00518
  3500	     0.08842	     0.00479
  3550	     0.05100	     0.00348
  3600	     0.09796	     0.00483
  3650	     0.08345	     0.00440
  3700	     0.07950	     0.00426
  3750	     0.06226	     0.00377
  3800	     0.06000	     0.00362
  3850	     0.06717	     0.00377
  3900	     0.07150	     0.00379
  3950	     0.05080	     0.00321
  4000	     0.05672	     0.00332
  4050	     0.04055	     0.00272
  4100	     0.05465	     0.00323
  4150	     0.04460	     0.00281
  4200	     0.04284	     0.00278
  4250	     0.03820	     0.00256
  4300	     0.04157	     0.00271
  4350	     0.03787	     0.00248
  4400	     0.04001	     0.00253
  4450	     0.03227	     0.00225
  4500	     0.03076	     0.00214
  4550	     0.03602	     0.00240
  4600	     0.03525	     0.00226
  4650	     0.04009	     0.00240
  4700	     0.03372	     0.00214
  4750	     0.02492	     0.00188
  4800	     0.02112	     0.00169
  4850	     0.02714	     0.00188
  4900	     0.02552	     0.00178
  4950	     0.02067	     0.00160
# extra	     0.20112
