# Tiny Monte Carlo by Scott Prahl (http://omlc.ogi.edu)
# 1 W Point Source Heating in Infinite Isotropic Scattering Medium
# CPU version, adapted for PEAGPGPU by Gustavo Castellano and Nicolas Wolovick
# Scattering =   20.000/cm
# Absorption =    2.000/cm
# Photons    =    32768
#
# 0.013387 seconds
# 2447.811630 K photons per second
# Radius	Heat
# [microns]	[W/cm^3]	Error
     0	877772.25000	        -nan
    50	  4693.27190	    50.13818
   100	  1753.39391	    18.35998
   150	   905.28856	     9.44431
   200	   540.92103	     5.68098
   250	   325.30870	     3.63765
   300	   219.63897	     2.49246
   350	   158.03821	     1.85913
   400	   111.39819	     1.37904
   450	    90.57395	     1.11395
   500	    69.83759	     0.89307
   550	    52.74617	     0.71070
   600	    39.99836	     0.57475
   650	    31.70657	     0.46907
   700	    25.59221	     0.39592
   750	    22.38218	     0.34641
   800	    17.21919	     0.28666
   850	    15.60366	     0.25915
   900	    13.44460	     0.22440
   950	     9.36117	     0.18032
  1000	     8.17094	     0.16062
  1050	     6.35711	     0.13531
  1100	     6.27030	     0.12695
  1150	     5.34393	     0.11323
  1200	     4.74166	     0.10245
  1250	     4.42159	     0.09495
  1300	     3.12610	     0.07618
  1350	     2.70054	     0.06866
  1400	     2.90343	     0.06868
  1450	     2.36299	     0.05976
  1500	     2.22352	     0.05634
  1550	     1.67781	     0.04743
  1600	     1.66741	     0.04648
  1650	     1.62598	     0.04350
  1700	     1.25048	     0.03715
  1750	     1.23730	     0.03622
  1800	     1.09543	     0.03297
  1850	     0.84923	     0.02849
  1900	     0.77515	     0.02630
  1950	     0.84518	     0.02674
  2000	     0.76046	     0.02455
  2050	     0.55414	     0.02079
  2100	     0.57975	     0.02036
  2150	     0.48463	     0.01799
  2200	     0.41591	     0.01657
  2250	     0.40729	     0.01608
  2300	     0.39830	     0.01562
  2350	     0.36580	     0.01449
  2400	     0.32946	     0.01356
  2450	     0.28799	     0.01244
  2500	     0.27740	     0.01180
  2550	     0.25303	     0.01085
  2600	     0.26852	     0.01116
  2650	     0.25508	     0.01077
  2700	     0.22075	     0.00972
  2750	     0.17610	     0.00857
  2800	     0.14471	     0.00770
  2850	     0.19605	     0.00869
  2900	     0.12358	     0.00690
  2950	     0.17391	     0.00788
  3000	     0.19082	     0.00808
  3050	     0.16413	     0.00752
  3100	     0.12036	     0.00628
  3150	     0.10247	     0.00567
  3200	     0.09229	     0.00521
  3250	     0.10388	     0.00548
  3300	     0.11627	     0.00580
  3350	     0.10944	     0.00551
  3400	     0.10933	     0.00548
  3450	     0.10111	     0.00524
  3500	     0.08774	     0.00478
  3550	     0.05075	     0.00346
  3600	     0.09619	     0.00478
  3650	     0.08289	     0.00439
  3700	     0.07914	     0.00426
  3750	     0.06172	     0.00376
  3800	     0.05863	     0.00358
  3850	     0.06810	     0.00379
  3900	     0.07326	     0.00384
  3950	     0.05119	     0.00323
  4000	     0.05667	     0.00332
  4050	     0.04103	     0.00274
  4100	     0.05513	     0.00325
  4150	     0.04420	     0.00280
  4200	     0.04264	     0.00277
  4250	     0.03858	     0.00258
  4300	     0.04206	     0.00273
  4350	     0.03948	     0.00253
  4400	     0.04070	     0.00255
  4450	     0.03127	     0.00223
  4500	     0.03036	     0.00212
  4550	     0.03475	     0.00236
  4600	     0.03388	     0.00222
  4650	     0.04009	     0.00240
  4700	     0.03305	     0.00211
  4750	     0.02504	     0.00188
  4800	     0.02120	     0.00170
  4850	     0.02699	     0.00188
  4900	     0.02686	     0.00183
  4950	     0.02055	     0.00160
# extra	     0.20122
# Tiny Monte Carlo by Scott Prahl (http://omlc.ogi.edu)
# 1 W Point Source Heating in Infinite Isotropic Scattering Medium
# CPU version, adapted for PEAGPGPU by Gustavo Castellano and Nicolas Wolovick
# Scattering =   20.000/cm
# Absorption =    2.000/cm
# Photons    =    32768
#
# 0.013249 seconds
# 2473.331751 K photons per second
# Radius	Heat
# [microns]	[W/cm^3]	Error
     0	878024.15625	        -nan
    50	  4692.55790	    50.15670
   100	  1752.46320	    18.36098
   150	   900.14846	     9.42837
   200	   539.16086	     5.67552
   250	   325.12716	     3.63816
   300	   219.23435	     2.49171
   350	   157.33289	     1.85555
   400	   111.47429	     1.37947
   450	    89.87497	     1.11079
   500	    70.40058	     0.89593
   550	    52.70119	     0.71050
   600	    39.76096	     0.57347
   650	    31.83995	     0.47002
   700	    25.68613	     0.39658
   750	    22.41784	     0.34659
   800	    17.31726	     0.28755
   850	    15.62661	     0.25948
   900	    13.40584	     0.22409
   950	     9.34973	     0.18024
  1000	     8.19295	     0.16086
  1050	     6.37954	     0.13540
  1100	     6.21272	     0.12636
  1150	     5.35426	     0.11331
  1200	     4.76065	     0.10265
  1250	     4.42005	     0.09496
  1300	     3.13783	     0.07632
  1350	     2.72144	     0.06893
  1400	     2.88847	     0.06859
  1450	     2.37891	     0.05999
  1500	     2.22322	     0.05631
  1550	     1.67108	     0.04733
  1600	     1.67020	     0.04651
  1650	     1.62967	     0.04356
  1700	     1.26191	     0.03732
  1750	     1.23924	     0.03625
  1800	     1.09560	     0.03297
  1850	     0.85154	     0.02855
  1900	     0.77634	     0.02633
  1950	     0.83473	     0.02657
  2000	     0.76367	     0.02461
  2050	     0.55837	     0.02087
  2100	     0.58180	     0.02039
  2150	     0.47748	     0.01787
  2200	     0.41052	     0.01646
  2250	     0.40388	     0.01602
  2300	     0.40641	     0.01575
  2350	     0.37312	     0.01461
  2400	     0.32886	     0.01356
  2450	     0.28810	     0.01246
  2500	     0.27879	     0.01181
  2550	     0.25538	     0.01091
  2600	     0.26750	     0.01113
  2650	     0.25666	     0.01081
  2700	     0.22292	     0.00975
  2750	     0.17142	     0.00846
  2800	     0.14558	     0.00771
  2850	     0.19349	     0.00864
  2900	     0.12355	     0.00689
  2950	     0.17181	     0.00784
  3000	     0.19276	     0.00812
  3050	     0.16184	     0.00747
  3100	     0.11912	     0.00626
  3150	     0.10161	     0.00563
  3200	     0.09241	     0.00523
  3250	     0.10295	     0.00545
  3300	     0.11559	     0.00578
  3350	     0.10785	     0.00546
  3400	     0.10982	     0.00549
  3450	     0.10225	     0.00526
  3500	     0.08896	     0.00482
  3550	     0.05075	     0.00346
  3600	     0.09702	     0.00480
  3650	     0.08341	     0.00441
  3700	     0.08109	     0.00431
  3750	     0.06210	     0.00377
  3800	     0.05822	     0.00357
  3850	     0.06714	     0.00377
  3900	     0.07243	     0.00382
  3950	     0.05031	     0.00319
  4000	     0.05632	     0.00331
  4050	     0.04120	     0.00274
  4100	     0.05473	     0.00324
  4150	     0.04450	     0.00281
  4200	     0.04192	     0.00275
  4250	     0.03692	     0.00252
  4300	     0.04184	     0.00272
  4350	     0.03964	     0.00254
  4400	     0.04097	     0.00256
  4450	     0.03164	     0.00224
  4500	     0.03043	     0.00213
  4550	     0.03491	     0.00237
  4600	     0.03471	     0.00224
  4650	     0.03897	     0.00237
  4700	     0.03332	     0.00212
  4750	     0.02487	     0.00188
  4800	     0.02188	     0.00172
  4850	     0.02733	     0.00190
  4900	     0.02680	     0.00183
  4950	     0.02085	     0.00161
# extra	     0.20126
# Tiny Monte Carlo by Scott Prahl (http://omlc.ogi.edu)
# 1 W Point Source Heating in Infinite Isotropic Scattering Medium
# CPU version, adapted for PEAGPGPU by Gustavo Castellano and Nicolas Wolovick
# Scattering =   20.000/cm
# Absorption =    2.000/cm
# Photons    =    32768
#
# 0.011795 seconds
# 2778.222661 K photons per second
# Radius	Heat
# [microns]	[W/cm^3]	Error
     0	877768.40625	        -nan
    50	  4690.03836	    50.11901
   100	  1753.07936	    18.35991
   150	   905.46949	     9.44636
   200	   541.39429	     5.68352
   250	   325.70057	     3.63992
   300	   219.13661	     2.49060
   350	   157.71208	     1.85753
   400	   111.63245	     1.38026
   450	    90.42899	     1.11321
   500	    69.89662	     0.89332
   550	    52.69864	     0.71033
   600	    40.04889	     0.57509
   650	    31.69698	     0.46905
   700	    25.64405	     0.39634
   750	    22.40893	     0.34661
   800	    17.22858	     0.28674
   850	    15.60861	     0.25924
   900	    13.44100	     0.22435
   950	     9.35520	     0.18030
  1000	     8.18822	     0.16079
  1050	     6.35402	     0.13527
  1100	     6.26634	     0.12693
  1150	     5.34658	     0.11323
  1200	     4.73419	     0.10238
  1250	     4.39922	     0.09469
  1300	     3.13633	     0.07631
  1350	     2.70355	     0.06869
  1400	     2.89920	     0.06866
  1450	     2.37205	     0.05988
  1500	     2.22860	     0.05640
  1550	     1.68316	     0.04750
  1600	     1.66977	     0.04651
  1650	     1.62603	     0.04350
  1700	     1.25223	     0.03718
  1750	     1.22919	     0.03611
  1800	     1.09595	     0.03297
  1850	     0.85008	     0.02850
  1900	     0.77542	     0.02631
  1950	     0.84312	     0.02670
  2000	     0.76317	     0.02460
  2050	     0.55414	     0.02079
  2100	     0.57989	     0.02036
  2150	     0.48534	     0.01801
  2200	     0.41344	     0.01651
  2250	     0.40623	     0.01607
  2300	     0.39729	     0.01561
  2350	     0.36782	     0.01453
  2400	     0.32987	     0.01357
  2450	     0.28740	     0.01243
  2500	     0.27641	     0.01178
  2550	     0.25241	     0.01084
  2600	     0.26852	     0.01116
  2650	     0.25590	     0.01079
  2700	     0.22106	     0.00972
  2750	     0.17278	     0.00851
  2800	     0.14500	     0.00770
  2850	     0.19553	     0.00868
  2900	     0.12311	     0.00689
  2950	     0.17483	     0.00790
  3000	     0.19118	     0.00809
  3050	     0.16477	     0.00753
  3100	     0.12005	     0.00628
  3150	     0.10220	     0.00566
  3200	     0.09242	     0.00522
  3250	     0.10388	     0.00548
  3300	     0.11627	     0.00580
  3350	     0.10831	     0.00547
  3400	     0.11021	     0.00550
  3450	     0.10111	     0.00524
  3500	     0.08745	     0.00477
  3550	     0.05075	     0.00346
  3600	     0.09608	     0.00478
  3650	     0.08311	     0.00439
  3700	     0.07914	     0.00426
  3750	     0.06191	     0.00376
  3800	     0.05915	     0.00360
  3850	     0.06810	     0.00379
  3900	     0.07309	     0.00384
  3950	     0.05135	     0.00323
  4000	     0.05686	     0.00332
  4050	     0.04059	     0.00272
  4100	     0.05503	     0.00325
  4150	     0.04428	     0.00280
  4200	     0.04276	     0.00278
  4250	     0.03796	     0.00256
  4300	     0.04227	     0.00273
  4350	     0.03961	     0.00253
  4400	     0.04070	     0.00255
  4450	     0.03142	     0.00224
  4500	     0.03054	     0.00213
  4550	     0.03475	     0.00236
  4600	     0.03396	     0.00222
  4650	     0.04015	     0.00240
  4700	     0.03305	     0.00211
  4750	     0.02492	     0.00188
  4800	     0.02148	     0.00171
  4850	     0.02712	     0.00188
  4900	     0.02683	     0.00182
  4950	     0.02066	     0.00160
# extra	     0.20122
# Tiny Monte Carlo by Scott Prahl (http://omlc.ogi.edu)
# 1 W Point Source Heating in Infinite Isotropic Scattering Medium
# CPU version, adapted for PEAGPGPU by Gustavo Castellano and Nicolas Wolovick
# Scattering =   20.000/cm
# Absorption =    2.000/cm
# Photons    =    32768
#
# 0.013050 seconds
# 2511.008267 K photons per second
# Radius	Heat
# [microns]	[W/cm^3]	Error
     0	877840.21875	        -nan
    50	  4695.77846	    50.15540
   100	  1758.68539	    18.37314
   150	   906.53962	     9.45419
   200	   540.73948	     5.68124
   250	   324.72373	     3.63544
   300	   219.53376	     2.49267
   350	   157.54138	     1.85650
   400	   111.12945	     1.37822
   450	    90.16521	     1.11195
   500	    69.92247	     0.89307
   550	    52.63137	     0.70990
   600	    39.98700	     0.57462
   650	    31.65188	     0.46891
   700	    25.56976	     0.39590
   750	    22.40506	     0.34665
   800	    17.23344	     0.28673
   850	    15.59332	     0.25908
   900	    13.40045	     0.22416
   950	     9.32615	     0.18010
  1000	     8.19143	     0.16076
  1050	     6.40908	     0.13570
  1100	     6.24264	     0.12675
  1150	     5.35011	     0.11330
  1200	     4.79374	     0.10306
  1250	     4.42472	     0.09494
  1300	     3.11980	     0.07614
  1350	     2.72210	     0.06888
  1400	     2.88230	     0.06854
  1450	     2.39370	     0.06017
  1500	     2.22270	     0.05634
  1550	     1.67670	     0.04739
  1600	     1.67768	     0.04664
  1650	     1.62162	     0.04346
  1700	     1.25504	     0.03721
  1750	     1.22413	     0.03605
  1800	     1.09015	     0.03287
  1850	     0.84357	     0.02840
  1900	     0.78021	     0.02637
  1950	     0.84295	     0.02672
  2000	     0.76508	     0.02464
  2050	     0.55465	     0.02079
  2100	     0.57746	     0.02033
  2150	     0.48255	     0.01794
  2200	     0.41033	     0.01644
  2250	     0.40242	     0.01597
  2300	     0.39735	     0.01558
  2350	     0.36902	     0.01455
  2400	     0.33498	     0.01367
  2450	     0.29389	     0.01257
  2500	     0.27698	     0.01178
  2550	     0.25236	     0.01084
  2600	     0.26413	     0.01106
  2650	     0.25439	     0.01077
  2700	     0.22365	     0.00977
  2750	     0.17556	     0.00857
  2800	     0.14312	     0.00764
  2850	     0.19758	     0.00874
  2900	     0.12639	     0.00699
  2950	     0.17411	     0.00788
  3000	     0.19234	     0.00812
  3050	     0.16299	     0.00749
  3100	     0.11853	     0.00623
  3150	     0.10310	     0.00568
  3200	     0.09281	     0.00524
  3250	     0.10490	     0.00550
  3300	     0.11589	     0.00579
  3350	     0.10872	     0.00548
  3400	     0.11102	     0.00552
  3450	     0.10019	     0.00520
  3500	     0.08734	     0.00476
  3550	     0.05156	     0.00349
  3600	     0.09664	     0.00480
  3650	     0.08412	     0.00442
  3700	     0.07899	     0.00426
  3750	     0.06158	     0.00376
  3800	     0.05820	     0.00357
  3850	     0.06747	     0.00378
  3900	     0.07341	     0.00384
  3950	     0.05079	     0.00321
  4000	     0.05699	     0.00333
  4050	     0.04105	     0.00274
  4100	     0.05491	     0.00325
  4150	     0.04413	     0.00279
  4200	     0.04179	     0.00274
  4250	     0.03827	     0.00257
  4300	     0.04172	     0.00271
  4350	     0.03939	     0.00253
  4400	     0.04107	     0.00256
  4450	     0.03196	     0.00225
  4500	     0.03079	     0.00214
  4550	     0.03489	     0.00237
  4600	     0.03439	     0.00223
  4650	     0.04025	     0.00241
  4700	     0.03349	     0.00213
  4750	     0.02479	     0.00188
  4800	     0.02136	     0.00170
  4850	     0.02687	     0.00188
  4900	     0.02699	     0.00183
  4950	     0.02034	     0.00159
# extra	     0.20122
# Tiny Monte Carlo by Scott Prahl (http://omlc.ogi.edu)
# 1 W Point Source Heating in Infinite Isotropic Scattering Medium
# CPU version, adapted for PEAGPGPU by Gustavo Castellano and Nicolas Wolovick
# Scattering =   20.000/cm
# Absorption =    2.000/cm
# Photons    =    32768
#
# 0.014068 seconds
# 2329.276268 K photons per second
# Radius	Heat
# [microns]	[W/cm^3]	Error
     0	877183.21875	        -nan
    50	  4702.61928	    50.16680
   100	  1751.28793	    18.34378
   150	   911.89699	     9.47202
   200	   541.67597	     5.68574
   250	   327.60641	     3.64668
   300	   219.55133	     2.49120
   350	   157.81687	     1.85741
   400	   110.35737	     1.37268
   450	    90.37205	     1.11289
   500	    70.28457	     0.89431
   550	    53.08706	     0.71252
   600	    39.96854	     0.57477
   650	    31.58148	     0.46866
   700	    25.76266	     0.39768
   750	    22.50196	     0.34696
   800	    17.37067	     0.28802
   850	    15.58397	     0.25865
   900	    13.60178	     0.22554
   950	     9.31575	     0.17994
  1000	     8.23456	     0.16105
  1050	     6.47210	     0.13633
  1100	     6.27450	     0.12706
  1150	     5.35371	     0.11337
  1200	     4.72600	     0.10229
  1250	     4.38432	     0.09460
  1300	     3.16452	     0.07667
  1350	     2.70394	     0.06871
  1400	     2.88290	     0.06850
  1450	     2.40362	     0.06025
  1500	     2.23015	     0.05637
  1550	     1.66994	     0.04736
  1600	     1.66301	     0.04636
  1650	     1.59110	     0.04300
  1700	     1.26690	     0.03733
  1750	     1.23849	     0.03624
  1800	     1.08245	     0.03276
  1850	     0.84895	     0.02844
  1900	     0.77072	     0.02625
  1950	     0.84431	     0.02674
  2000	     0.77331	     0.02475
  2050	     0.54425	     0.02059
  2100	     0.58210	     0.02037
  2150	     0.48123	     0.01791
  2200	     0.41007	     0.01645
  2250	     0.40380	     0.01600
  2300	     0.39726	     0.01563
  2350	     0.36688	     0.01446
  2400	     0.33581	     0.01370
  2450	     0.29144	     0.01251
  2500	     0.27880	     0.01181
  2550	     0.24884	     0.01074
  2600	     0.26068	     0.01098
  2650	     0.25152	     0.01070
  2700	     0.21854	     0.00967
  2750	     0.17785	     0.00865
  2800	     0.14525	     0.00772
  2850	     0.19810	     0.00874
  2900	     0.12584	     0.00698
  2950	     0.17513	     0.00790
  3000	     0.18526	     0.00796
  3050	     0.16799	     0.00760
  3100	     0.11835	     0.00623
  3150	     0.10434	     0.00573
  3200	     0.09106	     0.00519
  3250	     0.10170	     0.00541
  3300	     0.11860	     0.00586
  3350	     0.10865	     0.00547
  3400	     0.11430	     0.00562
  3450	     0.09478	     0.00507
  3500	     0.08542	     0.00471
  3550	     0.05183	     0.00350
  3600	     0.09864	     0.00484
  3650	     0.08231	     0.00436
  3700	     0.08010	     0.00427
  3750	     0.06153	     0.00376
  3800	     0.05871	     0.00358
  3850	     0.06636	     0.00374
  3900	     0.07282	     0.00383
  3950	     0.05210	     0.00325
  4000	     0.05788	     0.00335
  4050	     0.04019	     0.00270
  4100	     0.05457	     0.00323
  4150	     0.04598	     0.00286
  4200	     0.04174	     0.00275
  4250	     0.03872	     0.00258
  4300	     0.04106	     0.00270
  4350	     0.03888	     0.00252
  4400	     0.04080	     0.00254
  4450	     0.03355	     0.00230
  4500	     0.03119	     0.00215
  4550	     0.03601	     0.00241
  4600	     0.03452	     0.00224
  4650	     0.04021	     0.00240
  4700	     0.03437	     0.00215
  4750	     0.02578	     0.00191
  4800	     0.02109	     0.00170
  4850	     0.02767	     0.00190
  4900	     0.02509	     0.00176
  4950	     0.02132	     0.00163
# extra	     0.20100
# Tiny Monte Carlo by Scott Prahl (http://omlc.ogi.edu)
# 1 W Point Source Heating in Infinite Isotropic Scattering Medium
# CPU version, adapted for PEAGPGPU by Gustavo Castellano and Nicolas Wolovick
# Scattering =   20.000/cm
# Absorption =    2.000/cm
# Photons    =    32768
#
# 0.014075 seconds
# 2328.064567 K photons per second
# Radius	Heat
# [microns]	[W/cm^3]	Error
     0	877742.34375	        -nan
    50	  4683.16783	    50.12641
   100	  1760.40928	    18.37810
   150	   899.71162	     9.42824
   200	   540.66417	     5.68271
   250	   325.76982	     3.64122
   300	   221.39166	     2.50074
   350	   157.52808	     1.85565
   400	   111.32264	     1.37877
   450	    89.60116	     1.10909
   500	    70.36367	     0.89493
   550	    52.80502	     0.71126
   600	    39.83382	     0.57374
   650	    31.56122	     0.46816
   700	    25.53612	     0.39561
   750	    22.54884	     0.34760
   800	    17.31628	     0.28749
   850	    15.61705	     0.25905
   900	    13.42713	     0.22427
   950	     9.33922	     0.18003
  1000	     8.17253	     0.16053
  1050	     6.39494	     0.13561
  1100	     6.18616	     0.12620
  1150	     5.34710	     0.11334
  1200	     4.78539	     0.10296
  1250	     4.44612	     0.09525
  1300	     3.18614	     0.07696
  1350	     2.74661	     0.06928
  1400	     2.87936	     0.06847
  1450	     2.40495	     0.06033
  1500	     2.20203	     0.05602
  1550	     1.64709	     0.04694
  1600	     1.66819	     0.04649
  1650	     1.61241	     0.04331
  1700	     1.27140	     0.03745
  1750	     1.24554	     0.03634
  1800	     1.08605	     0.03280
  1850	     0.83953	     0.02831
  1900	     0.77055	     0.02623
  1950	     0.83545	     0.02658
  2000	     0.76195	     0.02461
  2050	     0.54559	     0.02059
  2100	     0.57313	     0.02023
  2150	     0.47638	     0.01786
  2200	     0.40940	     0.01642
  2250	     0.40330	     0.01598
  2300	     0.40170	     0.01567
  2350	     0.37869	     0.01472
  2400	     0.33100	     0.01360
  2450	     0.29088	     0.01253
  2500	     0.28333	     0.01190
  2550	     0.25566	     0.01091
  2600	     0.26367	     0.01105
  2650	     0.25711	     0.01081
  2700	     0.22492	     0.00980
  2750	     0.17778	     0.00862
  2800	     0.14418	     0.00766
  2850	     0.19326	     0.00865
  2900	     0.12984	     0.00706
  2950	     0.17167	     0.00783
  3000	     0.19316	     0.00814
  3050	     0.16271	     0.00748
  3100	     0.11671	     0.00619
  3150	     0.10305	     0.00568
  3200	     0.09292	     0.00525
  3250	     0.10155	     0.00541
  3300	     0.11612	     0.00580
  3350	     0.10812	     0.00547
  3400	     0.11259	     0.00557
  3450	     0.10253	     0.00527
  3500	     0.08761	     0.00478
  3550	     0.05212	     0.00351
  3600	     0.09584	     0.00478
  3650	     0.08540	     0.00446
  3700	     0.07996	     0.00427
  3750	     0.06152	     0.00376
  3800	     0.05866	     0.00359
  3850	     0.06620	     0.00374
  3900	     0.07239	     0.00382
  3950	     0.05127	     0.00322
  4000	     0.05786	     0.00336
  4050	     0.04138	     0.00275
  4100	     0.05458	     0.00323
  4150	     0.04488	     0.00282
  4200	     0.04298	     0.00279
  4250	     0.03878	     0.00259
  4300	     0.04021	     0.00267
  4350	     0.03833	     0.00249
  4400	     0.04119	     0.00256
  4450	     0.03219	     0.00225
  4500	     0.03052	     0.00213
  4550	     0.03549	     0.00239
  4600	     0.03471	     0.00224
  4650	     0.03828	     0.00234
  4700	     0.03378	     0.00214
  4750	     0.02492	     0.00188
  4800	     0.02172	     0.00172
  4850	     0.02777	     0.00191
  4900	     0.02617	     0.00180
  4950	     0.02138	     0.00163
# extra	     0.20116
# Tiny Monte Carlo by Scott Prahl (http://omlc.ogi.edu)
# 1 W Point Source Heating in Infinite Isotropic Scattering Medium
# CPU version, adapted for PEAGPGPU by Gustavo Castellano and Nicolas Wolovick
# Scattering =   20.000/cm
# Absorption =    2.000/cm
# Photons    =    32768
#
# 0.017718 seconds
# 1849.464599 K photons per second
# Radius	Heat
# [microns]	[W/cm^3]	Error
     0	877812.18750	        -nan
    50	  4662.84542	    50.02971
   100	  1770.54276	    18.41878
   150	   897.16794	     9.41323
   200	   537.23990	     5.66879
   250	   327.06960	     3.64228
   300	   223.27501	     2.51123
   350	   157.61873	     1.85704
   400	   110.10902	     1.37599
   450	    88.04136	     1.10136
   500	    71.17992	     0.89927
   550	    53.14779	     0.71324
   600	    39.03412	     0.56850
   650	    31.93582	     0.47158
   700	    25.95233	     0.39853
   750	    22.44374	     0.34623
   800	    17.44262	     0.28909
   850	    15.36263	     0.25683
   900	    13.16835	     0.22211
   950	     9.35487	     0.17997
  1000	     8.34653	     0.16231
  1050	     6.55059	     0.13673
  1100	     6.11970	     0.12556
  1150	     5.36571	     0.11365
  1200	     4.79521	     0.10299
  1250	     4.34405	     0.09442
  1300	     3.26415	     0.07785
  1350	     2.83275	     0.07041
  1400	     2.77869	     0.06747
  1450	     2.41148	     0.06042
  1500	     2.23503	     0.05638
  1550	     1.67641	     0.04738
  1600	     1.67457	     0.04637
  1650	     1.54791	     0.04261
  1700	     1.28847	     0.03766
  1750	     1.25746	     0.03644
  1800	     1.04151	     0.03213
  1850	     0.83889	     0.02825
  1900	     0.78394	     0.02644
  1950	     0.82861	     0.02653
  2000	     0.74569	     0.02434
  2050	     0.56944	     0.02100
  2100	     0.58498	     0.02051
  2150	     0.45768	     0.01761
  2200	     0.39923	     0.01629
  2250	     0.41853	     0.01630
  2300	     0.41371	     0.01585
  2350	     0.39092	     0.01491
  2400	     0.33007	     0.01360
  2450	     0.29795	     0.01270
  2500	     0.27969	     0.01184
  2550	     0.26800	     0.01121
  2600	     0.26756	     0.01111
  2650	     0.25492	     0.01077
  2700	     0.22319	     0.00976
  2750	     0.18772	     0.00886
  2800	     0.14003	     0.00754
  2850	     0.18618	     0.00848
  2900	     0.13544	     0.00720
  2950	     0.16973	     0.00779
  3000	     0.19454	     0.00818
  3050	     0.15700	     0.00737
  3100	     0.10949	     0.00600
  3150	     0.10410	     0.00572
  3200	     0.09616	     0.00537
  3250	     0.10506	     0.00553
  3300	     0.11347	     0.00572
  3350	     0.10326	     0.00536
  3400	     0.11157	     0.00553
  3450	     0.09882	     0.00516
  3500	     0.09066	     0.00484
  3550	     0.05528	     0.00366
  3600	     0.09855	     0.00486
  3650	     0.08352	     0.00441
  3700	     0.08383	     0.00436
  3750	     0.06356	     0.00381
  3800	     0.05931	     0.00359
  3850	     0.06382	     0.00368
  3900	     0.06804	     0.00370
  3950	     0.04872	     0.00313
  4000	     0.05828	     0.00337
  4050	     0.04353	     0.00282
  4100	     0.05232	     0.00315
  4150	     0.04587	     0.00285
  4200	     0.04186	     0.00274
  4250	     0.03955	     0.00259
  4300	     0.03948	     0.00263
  4350	     0.03490	     0.00238
  4400	     0.04190	     0.00260
  4450	     0.03351	     0.00227
  4500	     0.03145	     0.00217
  4550	     0.03797	     0.00248
  4600	     0.03654	     0.00230
  4650	     0.03740	     0.00232
  4700	     0.03533	     0.00221
  4750	     0.02470	     0.00189
  4800	     0.02161	     0.00171
  4850	     0.02714	     0.00189
  4900	     0.02458	     0.00176
  4950	     0.02180	     0.00165
# extra	     0.20114
# Tiny Monte Carlo by Scott Prahl (http://omlc.ogi.edu)
# 1 W Point Source Heating in Infinite Isotropic Scattering Medium
# CPU version, adapted for PEAGPGPU by Gustavo Castellano and Nicolas Wolovick
# Scattering =   20.000/cm
# Absorption =    2.000/cm
# Photons    =    32768
#
# 0.014681 seconds
# 2231.999481 K photons per second
# Radius	Heat
# [microns]	[W/cm^3]	Error
     0	877649.71875	        -nan
    50	  4677.11175	    50.08649
   100	  1745.86616	    18.32268
   150	   909.62830	     9.46809
   200	   537.84039	     5.66885
   250	   326.16182	     3.64086
   300	   218.78198	     2.48940
   350	   158.28606	     1.85903
   400	   110.33975	     1.37418
   450	    89.30133	     1.10782
   500	    70.71940	     0.89626
   550	    53.27310	     0.71431
   600	    40.15089	     0.57571
   650	    31.46834	     0.46800
   700	    25.92634	     0.39912
   750	    22.51667	     0.34721
   800	    17.29270	     0.28759
   850	    15.45897	     0.25798
   900	    13.40006	     0.22387
   950	     9.33892	     0.18014
  1000	     8.23603	     0.16115
  1050	     6.40478	     0.13557
  1100	     6.28212	     0.12712
  1150	     5.43533	     0.11426
  1200	     4.82080	     0.10329
  1250	     4.38793	     0.09467
  1300	     3.17191	     0.07683
  1350	     2.75587	     0.06940
  1400	     2.85920	     0.06834
  1450	     2.39081	     0.06012
  1500	     2.26024	     0.05675
  1550	     1.63924	     0.04688
  1600	     1.66164	     0.04641
  1650	     1.58685	     0.04299
  1700	     1.26536	     0.03728
  1750	     1.21879	     0.03600
  1800	     1.06092	     0.03238
  1850	     0.83008	     0.02816
  1900	     0.76435	     0.02615
  1950	     0.86016	     0.02696
  2000	     0.77609	     0.02477
  2050	     0.56354	     0.02096
  2100	     0.57480	     0.02032
  2150	     0.48178	     0.01794
  2200	     0.40429	     0.01631
  2250	     0.41163	     0.01614
  2300	     0.40668	     0.01577
  2350	     0.37777	     0.01468
  2400	     0.33085	     0.01361
  2450	     0.30233	     0.01274
  2500	     0.27536	     0.01172
  2550	     0.25143	     0.01082
  2600	     0.26049	     0.01099
  2650	     0.25088	     0.01067
  2700	     0.22108	     0.00972
  2750	     0.17786	     0.00862
  2800	     0.14279	     0.00763
  2850	     0.19892	     0.00877
  2900	     0.13343	     0.00716
  2950	     0.17251	     0.00785
  3000	     0.18888	     0.00806
  3050	     0.16167	     0.00747
  3100	     0.11723	     0.00621
  3150	     0.10263	     0.00567
  3200	     0.09318	     0.00526
  3250	     0.10598	     0.00554
  3300	     0.11866	     0.00586
  3350	     0.10926	     0.00550
  3400	     0.11308	     0.00556
  3450	     0.09815	     0.00515
  3500	     0.08628	     0.00475
  3550	     0.05132	     0.00349
  3600	     0.09799	     0.00485
  3650	     0.08370	     0.00440
  3700	     0.07841	     0.00424
  3750	     0.05688	     0.00362
  3800	     0.05916	     0.00358
  3850	     0.06616	     0.00375
  3900	     0.07204	     0.00381
  3950	     0.05300	     0.00328
  4000	     0.05884	     0.00338
  4050	     0.04074	     0.00271
  4100	     0.05427	     0.00322
  4150	     0.04405	     0.00281
  4200	     0.04208	     0.00277
  4250	     0.03785	     0.00256
  4300	     0.04167	     0.00272
  4350	     0.03727	     0.00247
  4400	     0.04128	     0.00256
  4450	     0.03394	     0.00230
  4500	     0.02944	     0.00210
  4550	     0.03751	     0.00246
  4600	     0.03502	     0.00224
  4650	     0.03961	     0.00238
  4700	     0.03337	     0.00213
  4750	     0.02543	     0.00190
  4800	     0.02179	     0.00173
  4850	     0.02670	     0.00186
  4900	     0.02543	     0.00178
  4950	     0.02139	     0.00162
# extra	     0.20117
# Tiny Monte Carlo by Scott Prahl (http://omlc.ogi.edu)
# 1 W Point Source Heating in Infinite Isotropic Scattering Medium
# CPU version, adapted for PEAGPGPU by Gustavo Castellano and Nicolas Wolovick
# Scattering =   20.000/cm
# Absorption =    2.000/cm
# Photons    =    32768
#
# 0.014698 seconds
# 2229.467053 K photons per second
# Radius	Heat
# [microns]	[W/cm^3]	Error
     0	877821.18750	        -nan
    50	  4680.95424	    50.08739
   100	  1755.69727	    18.36174
   150	   908.14128	     9.46100
   200	   538.25876	     5.67307
   250	   326.46619	     3.64301
   300	   219.04851	     2.49008
   350	   157.46023	     1.85590
   400	   109.95739	     1.37141
   450	    90.27301	     1.11242
   500	    70.21016	     0.89453
   550	    52.71885	     0.71100
   600	    40.16210	     0.57591
   650	    31.59275	     0.46872
   700	    25.61210	     0.39661
   750	    22.58175	     0.34776
   800	    17.32946	     0.28759
   850	    15.53674	     0.25862
   900	    13.42366	     0.22425
   950	     9.27126	     0.17962
  1000	     8.23234	     0.16125
  1050	     6.42087	     0.13581
  1100	     6.27724	     0.12699
  1150	     5.35693	     0.11338
  1200	     4.75942	     0.10267
  1250	     4.40100	     0.09471
  1300	     3.17682	     0.07691
  1350	     2.72065	     0.06892
  1400	     2.85985	     0.06827
  1450	     2.39057	     0.06010
  1500	     2.23800	     0.05650
  1550	     1.67266	     0.04737
  1600	     1.67424	     0.04654
  1650	     1.60542	     0.04326
  1700	     1.26193	     0.03728
  1750	     1.22822	     0.03614
  1800	     1.08553	     0.03280
  1850	     0.84148	     0.02833
  1900	     0.77123	     0.02623
  1950	     0.84322	     0.02677
  2000	     0.76890	     0.02469
  2050	     0.55547	     0.02081
  2100	     0.58560	     0.02046
  2150	     0.48394	     0.01798
  2200	     0.40626	     0.01637
  2250	     0.40273	     0.01599
  2300	     0.39879	     0.01563
  2350	     0.36831	     0.01452
  2400	     0.33300	     0.01363
  2450	     0.29400	     0.01257
  2500	     0.27670	     0.01178
  2550	     0.25272	     0.01085
  2600	     0.26350	     0.01106
  2650	     0.25168	     0.01071
  2700	     0.21996	     0.00969
  2750	     0.17518	     0.00857
  2800	     0.14193	     0.00762
  2850	     0.19534	     0.00869
  2900	     0.12913	     0.00706
  2950	     0.17679	     0.00794
  3000	     0.18913	     0.00805
  3050	     0.16639	     0.00756
  3100	     0.11788	     0.00622
  3150	     0.10334	     0.00570
  3200	     0.09213	     0.00522
  3250	     0.10332	     0.00545
  3300	     0.11668	     0.00581
  3350	     0.10836	     0.00547
  3400	     0.11258	     0.00557
  3450	     0.10057	     0.00522
  3500	     0.08636	     0.00473
  3550	     0.05097	     0.00348
  3600	     0.09633	     0.00479
  3650	     0.08418	     0.00441
  3700	     0.07926	     0.00426
  3750	     0.06027	     0.00371
  3800	     0.06005	     0.00362
  3850	     0.06712	     0.00377
  3900	     0.07411	     0.00386
  3950	     0.05232	     0.00326
  4000	     0.05851	     0.00338
  4050	     0.04055	     0.00271
  4100	     0.05500	     0.00325
  4150	     0.04480	     0.00282
  4200	     0.04239	     0.00277
  4250	     0.03858	     0.00259
  4300	     0.04222	     0.00273
  4350	     0.03832	     0.00249
  4400	     0.04076	     0.00255
  4450	     0.03192	     0.00224
  4500	     0.02994	     0.00211
  4550	     0.03582	     0.00240
  4600	     0.03457	     0.00224
  4650	     0.04015	     0.00240
  4700	     0.03343	     0.00212
  4750	     0.02499	     0.00188
  4800	     0.02113	     0.00169
  4850	     0.02686	     0.00187
  4900	     0.02614	     0.00180
  4950	     0.02066	     0.00160
# extra	     0.20123
# Tiny Monte Carlo by Scott Prahl (http://omlc.ogi.edu)
# 1 W Point Source Heating in Infinite Isotropic Scattering Medium
# CPU version, adapted for PEAGPGPU by Gustavo Castellano and Nicolas Wolovick
# Scattering =   20.000/cm
# Absorption =    2.000/cm
# Photons    =    32768
#
# 0.017256 seconds
# 1898.921159 K photons per second
# Radius	Heat
# [microns]	[W/cm^3]	Error
     0	877424.62500	        -nan
    50	  4691.10226	    50.12716
   100	  1765.03341	    18.39089
   150	   905.78811	     9.44318
   200	   540.29888	     5.67775
   250	   327.90370	     3.64805
   300	   221.31302	     2.50087
   350	   158.30410	     1.86040
   400	   110.64303	     1.37591
   450	    89.88112	     1.11039
   500	    70.34401	     0.89493
   550	    52.70568	     0.71055
   600	    39.78347	     0.57358
   650	    31.69198	     0.46941
   700	    25.68740	     0.39654
   750	    22.33264	     0.34571
   800	    17.36408	     0.28795
   850	    15.53428	     0.25847
   900	    13.37299	     0.22374
   950	     9.36294	     0.18030
  1000	     8.26926	     0.16152
  1050	     6.49613	     0.13642
  1100	     6.19929	     0.12630
  1150	     5.35085	     0.11336
  1200	     4.74239	     0.10241
  1250	     4.38806	     0.09471
  1300	     3.16952	     0.07676
  1350	     2.74328	     0.06924
  1400	     2.85024	     0.06810
  1450	     2.35983	     0.05971
  1500	     2.21767	     0.05621
  1550	     1.69995	     0.04774
  1600	     1.66312	     0.04632
  1650	     1.59537	     0.04312
  1700	     1.27439	     0.03749
  1750	     1.23651	     0.03618
  1800	     1.08155	     0.03272
  1850	     0.84481	     0.02839
  1900	     0.77662	     0.02633
  1950	     0.84098	     0.02670
  2000	     0.76093	     0.02457
  2050	     0.55920	     0.02086
  2100	     0.58379	     0.02043
  2150	     0.47388	     0.01781
  2200	     0.41239	     0.01653
  2250	     0.40542	     0.01602
  2300	     0.40787	     0.01581
  2350	     0.37097	     0.01458
  2400	     0.33478	     0.01369
  2450	     0.28487	     0.01240
  2500	     0.27874	     0.01182
  2550	     0.25646	     0.01092
  2600	     0.26623	     0.01110
  2650	     0.25171	     0.01071
  2700	     0.22417	     0.00978
  2750	     0.18077	     0.00871
  2800	     0.14376	     0.00767
  2850	     0.19195	     0.00860
  2900	     0.12711	     0.00699
  2950	     0.17713	     0.00796
  3000	     0.18942	     0.00805
  3050	     0.16422	     0.00752
  3100	     0.11541	     0.00615
  3150	     0.10241	     0.00566
  3200	     0.09329	     0.00525
  3250	     0.10339	     0.00547
  3300	     0.11655	     0.00581
  3350	     0.10692	     0.00544
  3400	     0.11028	     0.00551
  3450	     0.09932	     0.00518
  3500	     0.08840	     0.00479
  3550	     0.05127	     0.00349
  3600	     0.09828	     0.00483
  3650	     0.08318	     0.00439
  3700	     0.07995	     0.00427
  3750	     0.06204	     0.00376
  3800	     0.06038	     0.00364
  3850	     0.06667	     0.00376
  3900	     0.07096	     0.00378
  3950	     0.04974	     0.00317
  4000	     0.05726	     0.00333
  4050	     0.04123	     0.00274
  4100	     0.05475	     0.00323
  4150	     0.04439	     0.00281
  4200	     0.04234	     0.00277
  4250	     0.03880	     0.00259
  4300	     0.04098	     0.00269
  4350	     0.03847	     0.00250
  4400	     0.04012	     0.00253
  4450	     0.03218	     0.00225
  4500	     0.03086	     0.00215
  4550	     0.03565	     0.00239
  4600	     0.03519	     0.00226
  4650	     0.03916	     0.00237
  4700	     0.03395	     0.00214
  4750	     0.02515	     0.00189
  4800	     0.02124	     0.00170
  4850	     0.02701	     0.00188
  4900	     0.02543	     0.00178
  4950	     0.02096	     0.00161
# extra	     0.20110
