# Tiny Monte Carlo by Scott Prahl (http://omlc.ogi.edu)
# 1 W Point Source Heating in Infinite Isotropic Scattering Medium
# CPU version, adapted for PEAGPGPU by Gustavo Castellano and Nicolas Wolovick
# Scattering =   20.000/cm
# Absorption =    2.000/cm
# Photons    =    32768
#
# 0.361920 seconds
# 90.539310 K photons per second
# Radius	Heat
# [microns]	[W/cm^3]	Error
     0	 20766.31934	   308.73199
    50	  3253.56822	    45.12828
   100	  1356.51809	    17.18512
   150	   744.40232	     8.92311
   200	   482.86365	     5.44959
   250	   340.83125	     3.65144
   300	   260.81610	     2.63829
   350	   204.27997	     1.97729
   400	   162.37518	     1.52407
   450	   131.87241	     1.20473
   500	   111.29053	     0.98027
   550	    93.85671	     0.80640
   600	    81.00790	     0.67261
   650	    69.19594	     0.56943
   700	    60.18350	     0.48609
   750	    51.73533	     0.41592
   800	    46.90367	     0.36570
   850	    40.32897	     0.31451
   900	    36.32249	     0.27809
   950	    32.71713	     0.24631
  1000	    28.89218	     0.21625
  1050	    26.65891	     0.19613
  1100	    24.18886	     0.17662
  1150	    21.66263	     0.15812
  1200	    19.38405	     0.14223
  1250	    17.80212	     0.12944
  1300	    16.09411	     0.11694
  1350	    14.30147	     0.10568
  1400	    13.27643	     0.09707
  1450	    11.95082	     0.08872
  1500	    11.17668	     0.08131
  1550	     9.97240	     0.07437
  1600	     9.26738	     0.06881
  1650	     8.69931	     0.06349
  1700	     7.77553	     0.05823
  1750	     7.26420	     0.05440
  1800	     6.71182	     0.05006
  1850	     6.08950	     0.04587
  1900	     5.64669	     0.04335
  1950	     5.17027	     0.04005
  2000	     4.75633	     0.03733
  2050	     4.34908	     0.03471
  2100	     4.08871	     0.03253
  2150	     3.79030	     0.03038
  2200	     3.47259	     0.02827
  2250	     3.26681	     0.02644
  2300	     3.04637	     0.02505
  2350	     2.73963	     0.02315
  2400	     2.53448	     0.02180
  2450	     2.31170	     0.02025
  2500	     2.16098	     0.01895
  2550	     2.02056	     0.01770
  2600	     1.90544	     0.01685
  2650	     1.77951	     0.01596
  2700	     1.61775	     0.01485
  2750	     1.53137	     0.01414
  2800	     1.39973	     0.01312
  2850	     1.27342	     0.01226
  2900	     1.20787	     0.01168
  2950	     1.12757	     0.01103
  3000	     1.02521	     0.01033
  3050	     0.96522	     0.00975
  3100	     0.91850	     0.00934
  3150	     0.84149	     0.00871
  3200	     0.77960	     0.00830
  3250	     0.72296	     0.00774
  3300	     0.66569	     0.00734
  3350	     0.61089	     0.00679
  3400	     0.57886	     0.00664
  3450	     0.52614	     0.00602
  3500	     0.50496	     0.00588
  3550	     0.46187	     0.00554
  3600	     0.44186	     0.00530
  3650	     0.41420	     0.00497
  3700	     0.37567	     0.00457
  3750	     0.36207	     0.00444
  3800	     0.33557	     0.00416
  3850	     0.31054	     0.00393
  3900	     0.28928	     0.00371
  3950	     0.27154	     0.00357
  4000	     0.24580	     0.00325
  4050	     0.23776	     0.00321
  4100	     0.22034	     0.00297
  4150	     0.21147	     0.00291
  4200	     0.18595	     0.00259
  4250	     0.18110	     0.00259
  4300	     0.17159	     0.00253
  4350	     0.15720	     0.00235
  4400	     0.15020	     0.00228
  4450	     0.13804	     0.00212
  4500	     0.13015	     0.00201
  4550	     0.12293	     0.00187
  4600	     0.11278	     0.00176
  4650	     0.10224	     0.00167
  4700	     0.09970	     0.00165
  4750	     0.09222	     0.00154
  4800	     0.08307	     0.00135
  4850	     0.08108	     0.00134
  4900	     0.07859	     0.00134
  4950	     0.06912	     0.00119
# extra	     0.02391
# Tiny Monte Carlo by Scott Prahl (http://omlc.ogi.edu)
# 1 W Point Source Heating in Infinite Isotropic Scattering Medium
# CPU version, adapted for PEAGPGPU by Gustavo Castellano and Nicolas Wolovick
# Scattering =   20.000/cm
# Absorption =    2.000/cm
# Photons    =    32768
#
# 0.370191 seconds
# 88.516449 K photons per second
# Radius	Heat
# [microns]	[W/cm^3]	Error
     0	 20766.31934	   308.73199
    50	  3253.56822	    45.12828
   100	  1356.51809	    17.18512
   150	   744.40232	     8.92311
   200	   482.86365	     5.44959
   250	   340.83125	     3.65144
   300	   260.81610	     2.63829
   350	   204.27997	     1.97729
   400	   162.37518	     1.52407
   450	   131.87241	     1.20473
   500	   111.29053	     0.98027
   550	    93.85671	     0.80640
   600	    81.00790	     0.67261
   650	    69.19594	     0.56943
   700	    60.18350	     0.48609
   750	    51.73533	     0.41592
   800	    46.90367	     0.36570
   850	    40.32897	     0.31451
   900	    36.32249	     0.27809
   950	    32.71713	     0.24631
  1000	    28.89218	     0.21625
  1050	    26.65891	     0.19613
  1100	    24.18886	     0.17662
  1150	    21.66263	     0.15812
  1200	    19.38405	     0.14223
  1250	    17.80212	     0.12944
  1300	    16.09411	     0.11694
  1350	    14.30147	     0.10568
  1400	    13.27643	     0.09707
  1450	    11.95082	     0.08872
  1500	    11.17668	     0.08131
  1550	     9.97240	     0.07437
  1600	     9.26738	     0.06881
  1650	     8.69931	     0.06349
  1700	     7.77553	     0.05823
  1750	     7.26420	     0.05440
  1800	     6.71182	     0.05006
  1850	     6.08950	     0.04587
  1900	     5.64669	     0.04335
  1950	     5.17027	     0.04005
  2000	     4.75633	     0.03733
  2050	     4.34908	     0.03471
  2100	     4.08871	     0.03253
  2150	     3.79030	     0.03038
  2200	     3.47259	     0.02827
  2250	     3.26681	     0.02644
  2300	     3.04637	     0.02505
  2350	     2.73963	     0.02315
  2400	     2.53448	     0.02180
  2450	     2.31170	     0.02025
  2500	     2.16098	     0.01895
  2550	     2.02056	     0.01770
  2600	     1.90544	     0.01685
  2650	     1.77951	     0.01596
  2700	     1.61775	     0.01485
  2750	     1.53137	     0.01414
  2800	     1.39973	     0.01312
  2850	     1.27342	     0.01226
  2900	     1.20787	     0.01168
  2950	     1.12757	     0.01103
  3000	     1.02521	     0.01033
  3050	     0.96522	     0.00975
  3100	     0.91850	     0.00934
  3150	     0.84149	     0.00871
  3200	     0.77960	     0.00830
  3250	     0.72296	     0.00774
  3300	     0.66569	     0.00734
  3350	     0.61089	     0.00679
  3400	     0.57886	     0.00664
  3450	     0.52614	     0.00602
  3500	     0.50496	     0.00588
  3550	     0.46187	     0.00554
  3600	     0.44186	     0.00530
  3650	     0.41420	     0.00497
  3700	     0.37567	     0.00457
  3750	     0.36207	     0.00444
  3800	     0.33557	     0.00416
  3850	     0.31054	     0.00393
  3900	     0.28928	     0.00371
  3950	     0.27154	     0.00357
  4000	     0.24580	     0.00325
  4050	     0.23776	     0.00321
  4100	     0.22034	     0.00297
  4150	     0.21147	     0.00291
  4200	     0.18595	     0.00259
  4250	     0.18110	     0.00259
  4300	     0.17159	     0.00253
  4350	     0.15720	     0.00235
  4400	     0.15020	     0.00228
  4450	     0.13804	     0.00212
  4500	     0.13015	     0.00201
  4550	     0.12293	     0.00187
  4600	     0.11278	     0.00176
  4650	     0.10224	     0.00167
  4700	     0.09970	     0.00165
  4750	     0.09222	     0.00154
  4800	     0.08307	     0.00135
  4850	     0.08108	     0.00134
  4900	     0.07859	     0.00134
  4950	     0.06912	     0.00119
# extra	     0.02391
# Tiny Monte Carlo by Scott Prahl (http://omlc.ogi.edu)
# 1 W Point Source Heating in Infinite Isotropic Scattering Medium
# CPU version, adapted for PEAGPGPU by Gustavo Castellano and Nicolas Wolovick
# Scattering =   20.000/cm
# Absorption =    2.000/cm
# Photons    =    32768
#
# 0.370107 seconds
# 88.536522 K photons per second
# Radius	Heat
# [microns]	[W/cm^3]	Error
     0	 20766.31934	   308.73199
    50	  3253.56822	    45.12828
   100	  1356.51809	    17.18512
   150	   744.40232	     8.92311
   200	   482.86365	     5.44959
   250	   340.83125	     3.65144
   300	   260.81610	     2.63829
   350	   204.27997	     1.97729
   400	   162.37518	     1.52407
   450	   131.87241	     1.20473
   500	   111.29053	     0.98027
   550	    93.85671	     0.80640
   600	    81.00790	     0.67261
   650	    69.19594	     0.56943
   700	    60.18350	     0.48609
   750	    51.73533	     0.41592
   800	    46.90367	     0.36570
   850	    40.32897	     0.31451
   900	    36.32249	     0.27809
   950	    32.71713	     0.24631
  1000	    28.89218	     0.21625
  1050	    26.65891	     0.19613
  1100	    24.18886	     0.17662
  1150	    21.66263	     0.15812
  1200	    19.38405	     0.14223
  1250	    17.80212	     0.12944
  1300	    16.09411	     0.11694
  1350	    14.30147	     0.10568
  1400	    13.27643	     0.09707
  1450	    11.95082	     0.08872
  1500	    11.17668	     0.08131
  1550	     9.97240	     0.07437
  1600	     9.26738	     0.06881
  1650	     8.69931	     0.06349
  1700	     7.77553	     0.05823
  1750	     7.26420	     0.05440
  1800	     6.71182	     0.05006
  1850	     6.08950	     0.04587
  1900	     5.64669	     0.04335
  1950	     5.17027	     0.04005
  2000	     4.75633	     0.03733
  2050	     4.34908	     0.03471
  2100	     4.08871	     0.03253
  2150	     3.79030	     0.03038
  2200	     3.47259	     0.02827
  2250	     3.26681	     0.02644
  2300	     3.04637	     0.02505
  2350	     2.73963	     0.02315
  2400	     2.53448	     0.02180
  2450	     2.31170	     0.02025
  2500	     2.16098	     0.01895
  2550	     2.02056	     0.01770
  2600	     1.90544	     0.01685
  2650	     1.77951	     0.01596
  2700	     1.61775	     0.01485
  2750	     1.53137	     0.01414
  2800	     1.39973	     0.01312
  2850	     1.27342	     0.01226
  2900	     1.20787	     0.01168
  2950	     1.12757	     0.01103
  3000	     1.02521	     0.01033
  3050	     0.96522	     0.00975
  3100	     0.91850	     0.00934
  3150	     0.84149	     0.00871
  3200	     0.77960	     0.00830
  3250	     0.72296	     0.00774
  3300	     0.66569	     0.00734
  3350	     0.61089	     0.00679
  3400	     0.57886	     0.00664
  3450	     0.52614	     0.00602
  3500	     0.50496	     0.00588
  3550	     0.46187	     0.00554
  3600	     0.44186	     0.00530
  3650	     0.41420	     0.00497
  3700	     0.37567	     0.00457
  3750	     0.36207	     0.00444
  3800	     0.33557	     0.00416
  3850	     0.31054	     0.00393
  3900	     0.28928	     0.00371
  3950	     0.27154	     0.00357
  4000	     0.24580	     0.00325
  4050	     0.23776	     0.00321
  4100	     0.22034	     0.00297
  4150	     0.21147	     0.00291
  4200	     0.18595	     0.00259
  4250	     0.18110	     0.00259
  4300	     0.17159	     0.00253
  4350	     0.15720	     0.00235
  4400	     0.15020	     0.00228
  4450	     0.13804	     0.00212
  4500	     0.13015	     0.00201
  4550	     0.12293	     0.00187
  4600	     0.11278	     0.00176
  4650	     0.10224	     0.00167
  4700	     0.09970	     0.00165
  4750	     0.09222	     0.00154
  4800	     0.08307	     0.00135
  4850	     0.08108	     0.00134
  4900	     0.07859	     0.00134
  4950	     0.06912	     0.00119
# extra	     0.02391
# Tiny Monte Carlo by Scott Prahl (http://omlc.ogi.edu)
# 1 W Point Source Heating in Infinite Isotropic Scattering Medium
# CPU version, adapted for PEAGPGPU by Gustavo Castellano and Nicolas Wolovick
# Scattering =   20.000/cm
# Absorption =    2.000/cm
# Photons    =    32768
#
# 0.380568 seconds
# 86.102885 K photons per second
# Radius	Heat
# [microns]	[W/cm^3]	Error
     0	 20435.63965	   306.53141
    50	  3279.21491	    45.29682
   100	  1342.06394	    17.10126
   150	   734.93808	     8.86016
   200	   496.34132	     5.50442
   250	   342.57960	     3.66501
   300	   260.33697	     2.63486
   350	   198.52114	     1.95635
   400	   163.68908	     1.52842
   450	   131.48111	     1.20255
   500	   111.07011	     0.97828
   550	    94.29458	     0.80678
   600	    81.00718	     0.67450
   650	    70.43226	     0.57262
   700	    60.10489	     0.48731
   750	    53.75046	     0.42194
   800	    46.86413	     0.36315
   850	    41.61702	     0.31880
   900	    37.16936	     0.28054
   950	    32.78380	     0.24808
  1000	    28.78699	     0.21751
  1050	    26.54963	     0.19580
  1100	    23.70208	     0.17450
  1150	    21.99733	     0.15853
  1200	    19.64341	     0.14260
  1250	    17.52393	     0.12821
  1300	    15.96946	     0.11614
  1350	    14.45743	     0.10587
  1400	    13.31361	     0.09718
  1450	    12.28918	     0.08880
  1500	    11.20327	     0.08125
  1550	    10.15667	     0.07453
  1600	     9.38024	     0.06899
  1650	     8.42780	     0.06254
  1700	     7.83268	     0.05849
  1750	     7.16611	     0.05388
  1800	     6.54074	     0.04972
  1850	     6.16967	     0.04658
  1900	     5.61111	     0.04300
  1950	     5.08458	     0.03958
  2000	     4.69859	     0.03720
  2050	     4.36417	     0.03472
  2100	     3.97339	     0.03209
  2150	     3.67847	     0.02986
  2200	     3.42255	     0.02795
  2250	     3.20809	     0.02622
  2300	     2.98212	     0.02473
  2350	     2.68352	     0.02281
  2400	     2.54112	     0.02162
  2450	     2.34568	     0.02028
  2500	     2.13991	     0.01883
  2550	     1.99696	     0.01771
  2600	     1.85683	     0.01661
  2650	     1.74640	     0.01586
  2700	     1.58883	     0.01470
  2750	     1.51802	     0.01414
  2800	     1.37473	     0.01301
  2850	     1.25639	     0.01228
  2900	     1.20838	     0.01177
  2950	     1.12485	     0.01098
  3000	     1.08131	     0.01065
  3050	     0.95614	     0.00961
  3100	     0.88200	     0.00901
  3150	     0.83032	     0.00865
  3200	     0.78652	     0.00811
  3250	     0.71272	     0.00756
  3300	     0.67672	     0.00731
  3350	     0.64906	     0.00700
  3400	     0.58891	     0.00652
  3450	     0.56248	     0.00628
  3500	     0.51463	     0.00591
  3550	     0.47646	     0.00558
  3600	     0.44552	     0.00529
  3650	     0.41823	     0.00503
  3700	     0.39600	     0.00485
  3750	     0.35958	     0.00445
  3800	     0.33145	     0.00415
  3850	     0.31613	     0.00403
  3900	     0.28974	     0.00375
  3950	     0.26951	     0.00359
  4000	     0.25334	     0.00335
  4050	     0.23180	     0.00314
  4100	     0.22170	     0.00305
  4150	     0.20848	     0.00291
  4200	     0.19531	     0.00275
  4250	     0.18134	     0.00260
  4300	     0.17151	     0.00252
  4350	     0.15843	     0.00239
  4400	     0.14610	     0.00221
  4450	     0.13382	     0.00203
  4500	     0.12744	     0.00195
  4550	     0.12075	     0.00185
  4600	     0.11351	     0.00180
  4650	     0.10804	     0.00171
  4700	     0.10122	     0.00163
  4750	     0.09064	     0.00147
  4800	     0.08777	     0.00145
  4850	     0.08276	     0.00143
  4900	     0.07506	     0.00129
  4950	     0.07115	     0.00128
# extra	     0.02342
# Tiny Monte Carlo by Scott Prahl (http://omlc.ogi.edu)
# 1 W Point Source Heating in Infinite Isotropic Scattering Medium
# CPU version, adapted for PEAGPGPU by Gustavo Castellano and Nicolas Wolovick
# Scattering =   20.000/cm
# Absorption =    2.000/cm
# Photons    =    32768
#
# 0.375950 seconds
# 87.160518 K photons per second
# Radius	Heat
# [microns]	[W/cm^3]	Error
     0	 20435.63965	   306.53141
    50	  3279.21491	    45.29682
   100	  1342.06394	    17.10126
   150	   734.93808	     8.86016
   200	   496.34132	     5.50442
   250	   342.57960	     3.66501
   300	   260.33697	     2.63486
   350	   198.52114	     1.95635
   400	   163.68908	     1.52842
   450	   131.48111	     1.20255
   500	   111.07011	     0.97828
   550	    94.29458	     0.80678
   600	    81.00718	     0.67450
   650	    70.43226	     0.57262
   700	    60.10489	     0.48731
   750	    53.75046	     0.42194
   800	    46.86413	     0.36315
   850	    41.61702	     0.31880
   900	    37.16936	     0.28054
   950	    32.78380	     0.24808
  1000	    28.78699	     0.21751
  1050	    26.54963	     0.19580
  1100	    23.70208	     0.17450
  1150	    21.99733	     0.15853
  1200	    19.64341	     0.14260
  1250	    17.52393	     0.12821
  1300	    15.96946	     0.11614
  1350	    14.45743	     0.10587
  1400	    13.31361	     0.09718
  1450	    12.28918	     0.08880
  1500	    11.20327	     0.08125
  1550	    10.15667	     0.07453
  1600	     9.38024	     0.06899
  1650	     8.42780	     0.06254
  1700	     7.83268	     0.05849
  1750	     7.16611	     0.05388
  1800	     6.54074	     0.04972
  1850	     6.16967	     0.04658
  1900	     5.61111	     0.04300
  1950	     5.08458	     0.03958
  2000	     4.69859	     0.03720
  2050	     4.36417	     0.03472
  2100	     3.97339	     0.03209
  2150	     3.67847	     0.02986
  2200	     3.42255	     0.02795
  2250	     3.20809	     0.02622
  2300	     2.98212	     0.02473
  2350	     2.68352	     0.02281
  2400	     2.54112	     0.02162
  2450	     2.34568	     0.02028
  2500	     2.13991	     0.01883
  2550	     1.99696	     0.01771
  2600	     1.85683	     0.01661
  2650	     1.74640	     0.01586
  2700	     1.58883	     0.01470
  2750	     1.51802	     0.01414
  2800	     1.37473	     0.01301
  2850	     1.25639	     0.01228
  2900	     1.20838	     0.01177
  2950	     1.12485	     0.01098
  3000	     1.08131	     0.01065
  3050	     0.95614	     0.00961
  3100	     0.88200	     0.00901
  3150	     0.83032	     0.00865
  3200	     0.78652	     0.00811
  3250	     0.71272	     0.00756
  3300	     0.67672	     0.00731
  3350	     0.64906	     0.00700
  3400	     0.58891	     0.00652
  3450	     0.56248	     0.00628
  3500	     0.51463	     0.00591
  3550	     0.47646	     0.00558
  3600	     0.44552	     0.00529
  3650	     0.41823	     0.00503
  3700	     0.39600	     0.00485
  3750	     0.35958	     0.00445
  3800	     0.33145	     0.00415
  3850	     0.31613	     0.00403
  3900	     0.28974	     0.00375
  3950	     0.26951	     0.00359
  4000	     0.25334	     0.00335
  4050	     0.23180	     0.00314
  4100	     0.22170	     0.00305
  4150	     0.20848	     0.00291
  4200	     0.19531	     0.00275
  4250	     0.18134	     0.00260
  4300	     0.17151	     0.00252
  4350	     0.15843	     0.00239
  4400	     0.14610	     0.00221
  4450	     0.13382	     0.00203
  4500	     0.12744	     0.00195
  4550	     0.12075	     0.00185
  4600	     0.11351	     0.00180
  4650	     0.10804	     0.00171
  4700	     0.10122	     0.00163
  4750	     0.09064	     0.00147
  4800	     0.08777	     0.00145
  4850	     0.08276	     0.00143
  4900	     0.07506	     0.00129
  4950	     0.07115	     0.00128
# extra	     0.02342
# Tiny Monte Carlo by Scott Prahl (http://omlc.ogi.edu)
# 1 W Point Source Heating in Infinite Isotropic Scattering Medium
# CPU version, adapted for PEAGPGPU by Gustavo Castellano and Nicolas Wolovick
# Scattering =   20.000/cm
# Absorption =    2.000/cm
# Photons    =    32768
#
# 0.362037 seconds
# 90.510050 K photons per second
# Radius	Heat
# [microns]	[W/cm^3]	Error
     0	 20435.63965	   306.53141
    50	  3279.21491	    45.29682
   100	  1342.06394	    17.10126
   150	   734.93808	     8.86016
   200	   496.34132	     5.50442
   250	   342.57960	     3.66501
   300	   260.33697	     2.63486
   350	   198.52114	     1.95635
   400	   163.68908	     1.52842
   450	   131.48111	     1.20255
   500	   111.07011	     0.97828
   550	    94.29458	     0.80678
   600	    81.00718	     0.67450
   650	    70.43226	     0.57262
   700	    60.10489	     0.48731
   750	    53.75046	     0.42194
   800	    46.86413	     0.36315
   850	    41.61702	     0.31880
   900	    37.16936	     0.28054
   950	    32.78380	     0.24808
  1000	    28.78699	     0.21751
  1050	    26.54963	     0.19580
  1100	    23.70208	     0.17450
  1150	    21.99733	     0.15853
  1200	    19.64341	     0.14260
  1250	    17.52393	     0.12821
  1300	    15.96946	     0.11614
  1350	    14.45743	     0.10587
  1400	    13.31361	     0.09718
  1450	    12.28918	     0.08880
  1500	    11.20327	     0.08125
  1550	    10.15667	     0.07453
  1600	     9.38024	     0.06899
  1650	     8.42780	     0.06254
  1700	     7.83268	     0.05849
  1750	     7.16611	     0.05388
  1800	     6.54074	     0.04972
  1850	     6.16967	     0.04658
  1900	     5.61111	     0.04300
  1950	     5.08458	     0.03958
  2000	     4.69859	     0.03720
  2050	     4.36417	     0.03472
  2100	     3.97339	     0.03209
  2150	     3.67847	     0.02986
  2200	     3.42255	     0.02795
  2250	     3.20809	     0.02622
  2300	     2.98212	     0.02473
  2350	     2.68352	     0.02281
  2400	     2.54112	     0.02162
  2450	     2.34568	     0.02028
  2500	     2.13991	     0.01883
  2550	     1.99696	     0.01771
  2600	     1.85683	     0.01661
  2650	     1.74640	     0.01586
  2700	     1.58883	     0.01470
  2750	     1.51802	     0.01414
  2800	     1.37473	     0.01301
  2850	     1.25639	     0.01228
  2900	     1.20838	     0.01177
  2950	     1.12485	     0.01098
  3000	     1.08131	     0.01065
  3050	     0.95614	     0.00961
  3100	     0.88200	     0.00901
  3150	     0.83032	     0.00865
  3200	     0.78652	     0.00811
  3250	     0.71272	     0.00756
  3300	     0.67672	     0.00731
  3350	     0.64906	     0.00700
  3400	     0.58891	     0.00652
  3450	     0.56248	     0.00628
  3500	     0.51463	     0.00591
  3550	     0.47646	     0.00558
  3600	     0.44552	     0.00529
  3650	     0.41823	     0.00503
  3700	     0.39600	     0.00485
  3750	     0.35958	     0.00445
  3800	     0.33145	     0.00415
  3850	     0.31613	     0.00403
  3900	     0.28974	     0.00375
  3950	     0.26951	     0.00359
  4000	     0.25334	     0.00335
  4050	     0.23180	     0.00314
  4100	     0.22170	     0.00305
  4150	     0.20848	     0.00291
  4200	     0.19531	     0.00275
  4250	     0.18134	     0.00260
  4300	     0.17151	     0.00252
  4350	     0.15843	     0.00239
  4400	     0.14610	     0.00221
  4450	     0.13382	     0.00203
  4500	     0.12744	     0.00195
  4550	     0.12075	     0.00185
  4600	     0.11351	     0.00180
  4650	     0.10804	     0.00171
  4700	     0.10122	     0.00163
  4750	     0.09064	     0.00147
  4800	     0.08777	     0.00145
  4850	     0.08276	     0.00143
  4900	     0.07506	     0.00129
  4950	     0.07115	     0.00128
# extra	     0.02342
# Tiny Monte Carlo by Scott Prahl (http://omlc.ogi.edu)
# 1 W Point Source Heating in Infinite Isotropic Scattering Medium
# CPU version, adapted for PEAGPGPU by Gustavo Castellano and Nicolas Wolovick
# Scattering =   20.000/cm
# Absorption =    2.000/cm
# Photons    =    32768
#
# 0.380664 seconds
# 86.081208 K photons per second
# Radius	Heat
# [microns]	[W/cm^3]	Error
     0	 20232.39990	   305.31541
    50	  3284.87779	    45.33617
   100	  1307.74404	    16.97024
   150	   726.41285	     8.81896
   200	   484.33224	     5.45678
   250	   334.85314	     3.61853
   300	   253.93604	     2.61376
   350	   203.03804	     1.97440
   400	   163.07586	     1.52692
   450	   132.79868	     1.21020
   500	   111.36688	     0.97832
   550	    93.95945	     0.80442
   600	    81.62902	     0.67709
   650	    70.66112	     0.57203
   700	    60.56122	     0.48476
   750	    52.54426	     0.41764
   800	    47.21034	     0.36387
   850	    42.28967	     0.32094
   900	    37.30646	     0.28040
   950	    32.74396	     0.24731
  1000	    29.26482	     0.22072
  1050	    26.15387	     0.19539
  1100	    23.89964	     0.17606
  1150	    21.48814	     0.15765
  1200	    19.16489	     0.14170
  1250	    17.48249	     0.12835
  1300	    15.83903	     0.11626
  1350	    14.69845	     0.10667
  1400	    13.52161	     0.09789
  1450	    11.97577	     0.08839
  1500	    11.05502	     0.08152
  1550	    10.18371	     0.07472
  1600	     9.32104	     0.06899
  1650	     8.50468	     0.06331
  1700	     7.83558	     0.05856
  1750	     7.08466	     0.05398
  1800	     6.47400	     0.04986
  1850	     6.11785	     0.04688
  1900	     5.53683	     0.04313
  1950	     5.23124	     0.04039
  2000	     4.78443	     0.03718
  2050	     4.34574	     0.03446
  2100	     4.01635	     0.03220
  2150	     3.72766	     0.03000
  2200	     3.48044	     0.02823
  2250	     3.25582	     0.02664
  2300	     2.95755	     0.02463
  2350	     2.74920	     0.02326
  2400	     2.54725	     0.02167
  2450	     2.35548	     0.02038
  2500	     2.17655	     0.01895
  2550	     2.02872	     0.01797
  2600	     1.84723	     0.01656
  2650	     1.77161	     0.01594
  2700	     1.59118	     0.01477
  2750	     1.50776	     0.01394
  2800	     1.36598	     0.01303
  2850	     1.27967	     0.01220
  2900	     1.24331	     0.01185
  2950	     1.12127	     0.01099
  3000	     1.03477	     0.01036
  3050	     0.98563	     0.00987
  3100	     0.89825	     0.00926
  3150	     0.82644	     0.00855
  3200	     0.77916	     0.00811
  3250	     0.73179	     0.00777
  3300	     0.65858	     0.00715
  3350	     0.64110	     0.00693
  3400	     0.58787	     0.00662
  3450	     0.54479	     0.00610
  3500	     0.50566	     0.00597
  3550	     0.47432	     0.00555
  3600	     0.44248	     0.00530
  3650	     0.41513	     0.00500
  3700	     0.38158	     0.00471
  3750	     0.36668	     0.00454
  3800	     0.33410	     0.00420
  3850	     0.31713	     0.00402
  3900	     0.29442	     0.00381
  3950	     0.27828	     0.00362
  4000	     0.25888	     0.00340
  4050	     0.24611	     0.00326
  4100	     0.22590	     0.00305
  4150	     0.20808	     0.00289
  4200	     0.19606	     0.00268
  4250	     0.17619	     0.00248
  4300	     0.17533	     0.00251
  4350	     0.16396	     0.00239
  4400	     0.14935	     0.00221
  4450	     0.14054	     0.00214
  4500	     0.13089	     0.00200
  4550	     0.12088	     0.00189
  4600	     0.11615	     0.00179
  4650	     0.10776	     0.00168
  4700	     0.10239	     0.00165
  4750	     0.09512	     0.00158
  4800	     0.08750	     0.00147
  4850	     0.08476	     0.00142
  4900	     0.07712	     0.00132
  4950	     0.07335	     0.00128
# extra	     0.02348
# Tiny Monte Carlo by Scott Prahl (http://omlc.ogi.edu)
# 1 W Point Source Heating in Infinite Isotropic Scattering Medium
# CPU version, adapted for PEAGPGPU by Gustavo Castellano and Nicolas Wolovick
# Scattering =   20.000/cm
# Absorption =    2.000/cm
# Photons    =    32768
#
# 0.380562 seconds
# 86.104248 K photons per second
# Radius	Heat
# [microns]	[W/cm^3]	Error
     0	 20232.39990	   305.31541
    50	  3284.87779	    45.33617
   100	  1307.74404	    16.97024
   150	   726.41285	     8.81896
   200	   484.33224	     5.45678
   250	   334.85314	     3.61853
   300	   253.93604	     2.61376
   350	   203.03804	     1.97440
   400	   163.07586	     1.52692
   450	   132.79868	     1.21020
   500	   111.36688	     0.97832
   550	    93.95945	     0.80442
   600	    81.62902	     0.67709
   650	    70.66112	     0.57203
   700	    60.56122	     0.48476
   750	    52.54426	     0.41764
   800	    47.21034	     0.36387
   850	    42.28967	     0.32094
   900	    37.30646	     0.28040
   950	    32.74396	     0.24731
  1000	    29.26482	     0.22072
  1050	    26.15387	     0.19539
  1100	    23.89964	     0.17606
  1150	    21.48814	     0.15765
  1200	    19.16489	     0.14170
  1250	    17.48249	     0.12835
  1300	    15.83903	     0.11626
  1350	    14.69845	     0.10667
  1400	    13.52161	     0.09789
  1450	    11.97577	     0.08839
  1500	    11.05502	     0.08152
  1550	    10.18371	     0.07472
  1600	     9.32104	     0.06899
  1650	     8.50468	     0.06331
  1700	     7.83558	     0.05856
  1750	     7.08466	     0.05398
  1800	     6.47400	     0.04986
  1850	     6.11785	     0.04688
  1900	     5.53683	     0.04313
  1950	     5.23124	     0.04039
  2000	     4.78443	     0.03718
  2050	     4.34574	     0.03446
  2100	     4.01635	     0.03220
  2150	     3.72766	     0.03000
  2200	     3.48044	     0.02823
  2250	     3.25582	     0.02664
  2300	     2.95755	     0.02463
  2350	     2.74920	     0.02326
  2400	     2.54725	     0.02167
  2450	     2.35548	     0.02038
  2500	     2.17655	     0.01895
  2550	     2.02872	     0.01797
  2600	     1.84723	     0.01656
  2650	     1.77161	     0.01594
  2700	     1.59118	     0.01477
  2750	     1.50776	     0.01394
  2800	     1.36598	     0.01303
  2850	     1.27967	     0.01220
  2900	     1.24331	     0.01185
  2950	     1.12127	     0.01099
  3000	     1.03477	     0.01036
  3050	     0.98563	     0.00987
  3100	     0.89825	     0.00926
  3150	     0.82644	     0.00855
  3200	     0.77916	     0.00811
  3250	     0.73179	     0.00777
  3300	     0.65858	     0.00715
  3350	     0.64110	     0.00693
  3400	     0.58787	     0.00662
  3450	     0.54479	     0.00610
  3500	     0.50566	     0.00597
  3550	     0.47432	     0.00555
  3600	     0.44248	     0.00530
  3650	     0.41513	     0.00500
  3700	     0.38158	     0.00471
  3750	     0.36668	     0.00454
  3800	     0.33410	     0.00420
  3850	     0.31713	     0.00402
  3900	     0.29442	     0.00381
  3950	     0.27828	     0.00362
  4000	     0.25888	     0.00340
  4050	     0.24611	     0.00326
  4100	     0.22590	     0.00305
  4150	     0.20808	     0.00289
  4200	     0.19606	     0.00268
  4250	     0.17619	     0.00248
  4300	     0.17533	     0.00251
  4350	     0.16396	     0.00239
  4400	     0.14935	     0.00221
  4450	     0.14054	     0.00214
  4500	     0.13089	     0.00200
  4550	     0.12088	     0.00189
  4600	     0.11615	     0.00179
  4650	     0.10776	     0.00168
  4700	     0.10239	     0.00165
  4750	     0.09512	     0.00158
  4800	     0.08750	     0.00147
  4850	     0.08476	     0.00142
  4900	     0.07712	     0.00132
  4950	     0.07335	     0.00128
# extra	     0.02348
# Tiny Monte Carlo by Scott Prahl (http://omlc.ogi.edu)
# 1 W Point Source Heating in Infinite Isotropic Scattering Medium
# CPU version, adapted for PEAGPGPU by Gustavo Castellano and Nicolas Wolovick
# Scattering =   20.000/cm
# Absorption =    2.000/cm
# Photons    =    32768
#
# 0.364136 seconds
# 89.988325 K photons per second
# Radius	Heat
# [microns]	[W/cm^3]	Error
     0	 20370.00586	   306.30554
    50	  3366.84689	    45.83586
   100	  1363.16956	    17.23419
   150	   750.78785	     8.93113
   200	   482.14967	     5.44604
   250	   336.74713	     3.63605
   300	   259.09593	     2.63154
   350	   198.25074	     1.95448
   400	   160.46252	     1.51700
   450	   135.63293	     1.21718
   500	   109.39220	     0.97522
   550	    93.89062	     0.80378
   600	    80.78515	     0.67389
   650	    69.85983	     0.57162
   700	    60.00814	     0.48635
   750	    52.43926	     0.41670
   800	    46.35765	     0.36150
   850	    41.21523	     0.31765
   900	    36.39032	     0.27941
   950	    32.66755	     0.24609
  1000	    29.00047	     0.21816
  1050	    26.17097	     0.19502
  1100	    23.93202	     0.17680
  1150	    21.37118	     0.15789
  1200	    19.24140	     0.14140
  1250	    17.68084	     0.12823
  1300	    15.99500	     0.11742
  1350	    14.67128	     0.10650
  1400	    13.24784	     0.09673
  1450	    12.26452	     0.08909
  1500	    11.00374	     0.08115
  1550	    10.03108	     0.07435
  1600	     9.15567	     0.06918
  1650	     8.76973	     0.06420
  1700	     7.93449	     0.05864
  1750	     7.28134	     0.05455
  1800	     6.57985	     0.04983
  1850	     6.09675	     0.04629
  1900	     5.50647	     0.04261
  1950	     5.14058	     0.03994
  2000	     4.69372	     0.03735
  2050	     4.39558	     0.03498
  2100	     4.12034	     0.03277
  2150	     3.67642	     0.02987
  2200	     3.40180	     0.02819
  2250	     3.16096	     0.02636
  2300	     2.93210	     0.02453
  2350	     2.72153	     0.02304
  2400	     2.52877	     0.02166
  2450	     2.33774	     0.02029
  2500	     2.19827	     0.01935
  2550	     2.04307	     0.01795
  2600	     1.89951	     0.01683
  2650	     1.71623	     0.01560
  2700	     1.61717	     0.01502
  2750	     1.48963	     0.01378
  2800	     1.43359	     0.01347
  2850	     1.29932	     0.01240
  2900	     1.21647	     0.01166
  2950	     1.10977	     0.01097
  3000	     1.05840	     0.01046
  3050	     0.96498	     0.00975
  3100	     0.90244	     0.00924
  3150	     0.83877	     0.00862
  3200	     0.77064	     0.00817
  3250	     0.72836	     0.00774
  3300	     0.66340	     0.00721
  3350	     0.63342	     0.00693
  3400	     0.57839	     0.00653
  3450	     0.55549	     0.00640
  3500	     0.52166	     0.00603
  3550	     0.47974	     0.00559
  3600	     0.44116	     0.00528
  3650	     0.42726	     0.00504
  3700	     0.38636	     0.00480
  3750	     0.36464	     0.00450
  3800	     0.33795	     0.00418
  3850	     0.31760	     0.00399
  3900	     0.29725	     0.00379
  3950	     0.28041	     0.00355
  4000	     0.25344	     0.00336
  4050	     0.24099	     0.00319
  4100	     0.23130	     0.00313
  4150	     0.21258	     0.00291
  4200	     0.20179	     0.00281
  4250	     0.18654	     0.00265
  4300	     0.18013	     0.00258
  4350	     0.16390	     0.00242
  4400	     0.14963	     0.00223
  4450	     0.14139	     0.00213
  4500	     0.13142	     0.00205
  4550	     0.12828	     0.00196
  4600	     0.11520	     0.00179
  4650	     0.10679	     0.00170
  4700	     0.10323	     0.00165
  4750	     0.09161	     0.00152
  4800	     0.08834	     0.00150
  4850	     0.08146	     0.00138
  4900	     0.07512	     0.00130
  4950	     0.07237	     0.00128
# extra	     0.02373
# Tiny Monte Carlo by Scott Prahl (http://omlc.ogi.edu)
# 1 W Point Source Heating in Infinite Isotropic Scattering Medium
# CPU version, adapted for PEAGPGPU by Gustavo Castellano and Nicolas Wolovick
# Scattering =   20.000/cm
# Absorption =    2.000/cm
# Photons    =    32768
#
# 0.363969 seconds
# 90.029625 K photons per second
# Radius	Heat
# [microns]	[W/cm^3]	Error
     0	 20370.00586	   306.30554
    50	  3366.84689	    45.83586
   100	  1363.16956	    17.23419
   150	   750.78785	     8.93113
   200	   482.14967	     5.44604
   250	   336.74713	     3.63605
   300	   259.09593	     2.63154
   350	   198.25074	     1.95448
   400	   160.46252	     1.51700
   450	   135.63293	     1.21718
   500	   109.39220	     0.97522
   550	    93.89062	     0.80378
   600	    80.78515	     0.67389
   650	    69.85983	     0.57162
   700	    60.00814	     0.48635
   750	    52.43926	     0.41670
   800	    46.35765	     0.36150
   850	    41.21523	     0.31765
   900	    36.39032	     0.27941
   950	    32.66755	     0.24609
  1000	    29.00047	     0.21816
  1050	    26.17097	     0.19502
  1100	    23.93202	     0.17680
  1150	    21.37118	     0.15789
  1200	    19.24140	     0.14140
  1250	    17.68084	     0.12823
  1300	    15.99500	     0.11742
  1350	    14.67128	     0.10650
  1400	    13.24784	     0.09673
  1450	    12.26452	     0.08909
  1500	    11.00374	     0.08115
  1550	    10.03108	     0.07435
  1600	     9.15567	     0.06918
  1650	     8.76973	     0.06420
  1700	     7.93449	     0.05864
  1750	     7.28134	     0.05455
  1800	     6.57985	     0.04983
  1850	     6.09675	     0.04629
  1900	     5.50647	     0.04261
  1950	     5.14058	     0.03994
  2000	     4.69372	     0.03735
  2050	     4.39558	     0.03498
  2100	     4.12034	     0.03277
  2150	     3.67642	     0.02987
  2200	     3.40180	     0.02819
  2250	     3.16096	     0.02636
  2300	     2.93210	     0.02453
  2350	     2.72153	     0.02304
  2400	     2.52877	     0.02166
  2450	     2.33774	     0.02029
  2500	     2.19827	     0.01935
  2550	     2.04307	     0.01795
  2600	     1.89951	     0.01683
  2650	     1.71623	     0.01560
  2700	     1.61717	     0.01502
  2750	     1.48963	     0.01378
  2800	     1.43359	     0.01347
  2850	     1.29932	     0.01240
  2900	     1.21647	     0.01166
  2950	     1.10977	     0.01097
  3000	     1.05840	     0.01046
  3050	     0.96498	     0.00975
  3100	     0.90244	     0.00924
  3150	     0.83877	     0.00862
  3200	     0.77064	     0.00817
  3250	     0.72836	     0.00774
  3300	     0.66340	     0.00721
  3350	     0.63342	     0.00693
  3400	     0.57839	     0.00653
  3450	     0.55549	     0.00640
  3500	     0.52166	     0.00603
  3550	     0.47974	     0.00559
  3600	     0.44116	     0.00528
  3650	     0.42726	     0.00504
  3700	     0.38636	     0.00480
  3750	     0.36464	     0.00450
  3800	     0.33795	     0.00418
  3850	     0.31760	     0.00399
  3900	     0.29725	     0.00379
  3950	     0.28041	     0.00355
  4000	     0.25344	     0.00336
  4050	     0.24099	     0.00319
  4100	     0.23130	     0.00313
  4150	     0.21258	     0.00291
  4200	     0.20179	     0.00281
  4250	     0.18654	     0.00265
  4300	     0.18013	     0.00258
  4350	     0.16390	     0.00242
  4400	     0.14963	     0.00223
  4450	     0.14139	     0.00213
  4500	     0.13142	     0.00205
  4550	     0.12828	     0.00196
  4600	     0.11520	     0.00179
  4650	     0.10679	     0.00170
  4700	     0.10323	     0.00165
  4750	     0.09161	     0.00152
  4800	     0.08834	     0.00150
  4850	     0.08146	     0.00138
  4900	     0.07512	     0.00130
  4950	     0.07237	     0.00128
# extra	     0.02373

 Performance counter stats for './headless' (10 runs):

            363,04 msec task-clock                #    0,975 CPUs utilized            ( +-  0,63% )
                13      context-switches          #   35,100 /sec                     ( +-117,50% )
                 0      cpu-migrations            #    0,000 /sec                   
                76      page-faults               #  205,202 /sec                     ( +-  0,55% )
     1.000.943.675      cycles                    #    2,703 GHz                      ( +-  0,26% )
     1.098.076.039      instructions              #    1,09  insn per cycle           ( +-  0,02% )
       201.178.301      branches                  #  543,187 M/sec                    ( +-  0,02% )
         1.215.621      branch-misses             #    0,60% of all branches          ( +-  0,12% )

           0,37235 +- 0,00249 seconds time elapsed  ( +-  0,67% )
